PN1	4	0,46
PN2	97	10,18
PN3	71	4,15
PN4	6	1,34
PN5	30	2,32
PN6	96	20,57
PN7	35	0,49
PN8	86	13,99
PN9	30	0,32
PN10	27	2,90
PN11	28	5,20
PN12	66	6,31
PN13	56	7,48
PN14	33	7,12
PN15	63	13,16
PN16	36	6,76
PN17	95	18,71
PN18	57	1,85
PN19	76	6,21
PN20	88	19,80
PN21	46	7,33
PN22	27	2,67
PN23	39	4,45
PN24	59	1,04
PN25	49	2,22
PN26	32	1,64
PN27	3	0,14
PN28	56	6,15
PN29	76	12,82
PN30	65	5,33
PN31	21	1,50
PN32	1	0,17
ON1	25	1,73
ON2	6	1,19
ON3	31	2,03
ON4	24	5,79
ON5	39	8,53
ON6	17	0,65
ON7	100	19,17
ON8	17	4,14
ON9	28	0,43
ON10	96	19,46
ON11	16	3,15
ON12	62	10,50
ON13	0	0,00
ON14	73	6,38
ON15	83	11,17
ON16	28	6,50
ON17	60	9,07
ON18	57	6,03
ON19	17	2,61
ON20	79	16,17
ON21	68	8,44
ON22	35	4,25
ON23	72	17,87
ON24	17	3,93
ON25	75	12,53
ON26	14	3,17
ON27	93	4,60
ON28	66	14,93
ON29	14	1,45
ON30	15	1,96
ON31	88	3,28
ON32	87	20,72
NN1	90	15,36
NN2	87	11,90
NN3	85	3,35
NN4	19	2,50
NN5	58	7,15
NN6	100	24,96
NN7	46	10,85
NN8	69	10,00
NN9	86	5,80
NN10	21	1,85
NN11	12	1,88
NN12	41	0,92
NN13	76	6,56
NN14	96	1,06
NN15	90	6,33
NN16	1	0,04
NN17	76	13,78
NN18	23	3,91
NN19	77	17,47
NN20	38	1,53
NN21	25	0,65
NN22	58	6,46
NN23	16	1,89
NN24	78	18,47
NN25	30	0,98
NN26	32	0,69
NN27	50	1,89
NN28	47	3,16
NN29	86	1,11
NN30	76	3,41
NN31	66	14,68
NN32	47	5,53
MN1	88	0,15
MN2	99	24,26
MN3	14	0,10
MN4	73	5,99
MN5	42	6,27
MN6	67	2,41
MN7	59	14,33
MN8	26	5,50
MN9	87	14,89
MN10	48	10,93
MN11	51	8,17
MN12	7	0,10
MN13	85	18,92
MN14	80	0,24
MN15	1	0,23
MN16	44	1,38
MN17	97	19,59
MN18	39	5,33
MN19	12	0,42
MN20	70	0,56
MN21	91	14,31
MN22	49	5,25
MN23	78	12,18
MN24	31	0,74
MN25	29	4,59
MN26	60	10,39
MN27	16	3,17
MN28	96	6,12
MN29	8	1,67
MN30	23	5,63
MN31	24	5,58
MN32	20	3,20
LN1	76	1,02
LN2	16	3,57
LN3	59	7,03
LN4	39	3,82
LN5	64	10,62
LN6	54	8,72
LN7	48	10,88
LN8	35	8,19
LN9	79	9,83
LN10	98	11,58
LN11	22	4,48
LN12	98	1,09
LN13	63	7,91
LN14	47	8,14
LN15	13	2,98
LN16	70	16,96
LN17	50	1,82
LN18	35	0,60
LN19	25	2,87
LN20	54	9,56
LN21	53	12,70
LN22	85	3,77
LN23	34	7,17
LN24	82	3,16
LN25	90	2,34
LN26	85	20,91
LN27	51	2,95
LN28	94	6,99
LN29	66	7,75
LN30	81	11,05
LN31	42	3,99
LN32	75	0,94
KN1	54	6,50
KN2	93	22,01
KN3	42	1,19
KN4	51	4,77
KN5	74	11,48
KN6	35	0,00
KN7	3	0,39
KN8	17	1,91
KN9	9	1,16
KN10	41	0,82
KN11	55	4,30
KN12	99	11,62
KN13	100	11,00
KN14	89	13,37
KN15	14	2,05
KN16	33	2,80
KN17	33	1,40
KN18	63	2,73
KN19	0	0,00
KN20	63	2,09
KN21	89	5,04
KN22	96	6,84
KN23	8	0,72
KN24	76	9,72
KN25	74	16,60
KN26	88	12,63
KN27	28	4,51
KN28	39	5,82
KN29	32	5,60
KN30	67	4,52
KN31	29	1,94
KN32	39	7,93
JN1	66	7,15
JN2	56	3,78
JN3	24	2,00
JN4	56	2,65
JN5	72	9,14
JN6	63	8,27
JN7	77	11,87
JN8	0	0,00
JN9	76	16,02
JN10	0	0,00
JN11	23	1,79
JN12	83	18,47
JN13	61	6,14
JN14	14	0,95
JN15	26	2,09
JN16	75	17,73
JN17	19	0,98
JN18	4	0,40
JN19	67	3,27
JN20	5	0,82
JN21	52	7,86
JN22	22	3,88
JN23	59	9,91
JN24	40	1,90
JN25	63	9,67
JN26	64	11,53
JN27	58	3,31
JN28	97	10,35
JN29	12	0,51
JN30	54	5,17
JN31	79	0,62
JN32	55	2,18
IN1	24	2,49
IN2	24	1,85
IN3	79	6,59
IN4	67	14,73
IN5	17	1,64
IN6	38	9,49
IN7	89	12,30
IN8	81	19,91
IN9	15	3,15
IN10	74	1,79
IN11	84	1,71
IN12	71	7,76
IN13	63	7,90
IN14	32	3,71
IN15	58	4,01
IN16	82	5,02
IN17	98	11,50
IN18	100	22,14
IN19	94	1,58
IN20	95	1,16
IN21	91	7,54
IN22	3	0,38
IN23	0	0,00
IN24	60	1,77
IN25	51	2,07
IN26	48	10,42
IN27	33	3,39
IN28	65	11,28
IN29	24	3,08
IN30	61	4,26
IN31	42	2,70
IN32	54	3,59
HN1	65	6,82
HN2	47	10,99
HN3	96	8,99
HN4	47	8,64
HN5	58	7,12
HN6	11	1,50
HN7	58	0,95
HN8	7	1,30
HN9	8	0,60
HN10	78	11,60
HN11	32	2,54
HN12	19	2,35
HN13	47	5,66
HN14	48	7,21
HN15	0	0,00
HN16	83	8,60
HN17	41	3,35
HN18	1	0,14
HN19	100	11,95
HN20	46	8,20
HN21	87	21,70
HN22	80	18,28
HN23	45	3,12
HN24	75	12,35
HN25	61	1,15
HN26	85	9,41
HN27	99	7,45
HN28	88	16,40
HN29	88	15,51
HN30	63	1,42
HN31	26	4,30
HN32	64	5,76
GN1	16	1,24
GN2	77	15,42
GN3	9	0,69
GN4	18	2,99
GN5	80	13,07
GN6	98	18,94
GN7	58	4,47
GN8	91	10,41
GN9	9	1,99
GN10	28	6,29
GN11	91	16,42
GN12	37	5,88
GN13	96	4,58
GN14	95	11,28
GN15	35	5,40
GN16	61	8,54
GN17	89	17,66
GN18	58	10,46
GN19	98	8,42
GN20	94	4,97
GN21	26	0,54
GN22	29	3,70
GN23	70	3,58
GN24	1	0,10
GN25	97	1,88
GN26	10	2,22
GN27	52	5,18
GN28	70	7,39
GN29	56	9,09
GN30	38	4,79
GN31	19	1,60
GN32	35	0,40
FN1	8	0,89
FN2	58	13,62
FN3	53	4,47
FN4	87	17,68
FN5	91	21,57
FN6	27	1,02
FN7	95	3,67
FN8	39	4,16
FN9	8	1,65
FN10	34	6,88
FN11	10	2,07
FN12	15	3,00
FN13	65	4,98
FN14	83	4,02
FN15	69	0,91
FN16	96	4,39
FN17	66	4,76
FN18	13	1,97
FN19	58	5,99
FN20	32	7,95
FN21	91	16,74
FN22	23	4,64
FN23	14	2,77
FN24	77	2,12
FN25	3	0,67
FN26	63	15,23
FN27	62	8,49
FN28	35	3,27
FN29	56	0,49
FN30	25	5,30
FN31	41	2,31
FN32	95	21,36
EN1	95	13,02
EN2	44	6,84
EN3	31	0,34
EN4	5	0,54
EN5	21	3,19
EN6	11	1,81
EN7	17	3,17
EN8	14	1,90
EN9	11	2,40
EN10	25	5,81
EN11	11	0,27
EN12	0	0,00
EN13	50	3,77
EN14	79	7,46
EN15	1	0,20
EN16	32	7,14
EN17	16	2,54
EN18	43	5,54
EN19	98	10,13
EN20	93	9,29
EN21	69	14,01
EN22	12	2,91
EN23	96	23,32
EN24	37	1,44
EN25	72	5,98
EN26	24	1,74
EN27	12	0,44
EN28	95	14,44
EN29	68	7,27
EN30	16	1,59
EN31	15	3,27
EN32	23	1,75
DN1	2	0,43
DN2	43	4,98
DN3	28	4,55
DN4	53	0,19
DN5	59	2,63
DN6	40	6,55
DN7	47	3,46
DN8	22	3,80
DN9	45	5,12
DN10	97	8,11
DN11	40	2,29
DN12	74	12,15
DN13	63	10,57
DN14	3	0,46
DN15	7	1,09
DN16	66	6,11
DN17	72	5,73
DN18	5	1,23
DN19	100	11,04
DN20	27	6,06
DN21	5	0,19
DN22	33	6,98
DN23	49	9,13
DN24	9	1,99
DN25	52	7,42
DN26	74	2,26
DN27	80	12,07
DN28	53	4,06
DN29	17	2,63
DN30	69	16,67
DN31	71	7,15
DN32	63	8,54
CN1	11	1,34
CN2	84	16,24
CN3	32	4,29
CN4	39	6,15
CN5	95	22,24
CN6	3	0,03
CN7	29	0,93
CN8	17	1,73
CN9	95	3,62
CN10	87	10,50
CN11	49	9,30
CN12	66	3,70
CN13	51	5,11
CN14	62	2,03
CN15	51	0,91
CN16	63	9,18
CN17	34	8,36
CN18	20	1,23
CN19	46	7,01
CN20	37	5,40
CN21	62	2,09
CN22	40	2,14
CN23	2	0,17
CN24	35	4,22
CN25	0	0,00
CN26	80	8,25
CN27	25	0,22
CN28	30	6,57
CN29	3	0,16
CN30	48	8,56
CN31	67	12,75
CN32	41	1,36
BN1	53	0,64
BN2	6	0,25
BN3	90	0,42
BN4	39	5,69
BN5	9	1,21
BN6	36	5,32
BN7	19	4,73
BN8	42	8,12
BN9	54	4,97
BN10	71	6,91
BN11	12	2,64
BN12	99	16,79
BN13	25	4,31
BN14	95	18,82
BN15	21	3,38
BN16	0	0,00
BN17	97	4,64
BN18	78	0,06
BN19	90	21,06
BN20	11	2,56
BN21	13	1,38
BN22	66	4,94
BN23	67	11,33
BN24	18	4,34
BN25	48	9,31
BN26	9	0,21
BN27	16	0,93
BN28	13	0,84
BN29	42	5,33
BN30	91	5,17
BN31	40	2,00
BN32	23	2,41
AN1	38	5,21
AN2	82	8,39
AN3	80	7,14
AN4	48	3,14
AN5	75	17,62
AN6	89	14,95
AN7	87	13,28
AN8	80	11,41
AN9	16	1,09
AN10	91	0,92
AN11	55	7,32
AN12	43	3,20
AN13	26	5,99
AN14	55	3,44
AN15	98	12,43
AN16	31	4,24
AN17	74	7,77
AN18	67	6,25
AN19	41	5,04
AN20	96	18,49
AN21	61	0,69
AN22	2	0,27
AN23	51	12,31
AN24	99	11,74
AN25	98	9,43
AN26	65	10,11
AN27	76	16,39
AN28	29	3,55
AN29	44	5,83
AN30	90	19,03
AN31	81	0,33
AN32	98	10,07
BS1	4	0,50
BS2	55	7,30
BS3	22	0,17
BS4	64	4,17
BS5	83	11,23
BS6	22	0,29
BS7	45	5,16
BS8	48	8,17
BS9	75	0,02
BS10	0	0,00
BS11	12	2,17
BS12	9	0,17
BS13	7	1,56
BS14	9	0,94
BS15	31	2,62
BS16	75	1,67
BS17	73	5,81
BS18	30	0,99
BS19	83	16,43
BS20	91	12,65
BS21	74	11,82
BS22	10	1,45
BS23	12	2,13
BS24	44	8,78
BS25	43	4,98
BS26	44	8,44
BS27	49	11,31
BS28	51	6,44
BS29	6	0,66
BS30	16	0,91
BS31	31	4,17
BS32	72	15,66
CS1	100	8,01
CS2	9	0,39
CS3	1	0,06
CS4	93	17,61
CS5	100	15,29
CS6	30	0,58
CS7	7	1,47
CS8	0	0,00
CS9	58	1,19
CS10	37	5,78
CS11	16	0,46
CS12	61	10,03
CS13	44	2,86
CS14	64	2,44
CS15	63	6,74
CS16	36	1,11
CS17	78	4,09
CS18	40	1,91
CS19	13	1,43
CS20	67	14,13
CS21	61	0,15
CS22	53	7,38
CS23	16	3,37
CS24	79	2,83
CS25	11	1,67
CS26	26	4,28
CS27	4	0,45
CS28	14	0,70
CS29	42	1,10
CS30	53	2,38
CS31	12	1,09
CS32	3	0,49
DS1	73	16,91
DS2	64	3,24
DS3	18	3,32
DS4	80	2,52
DS5	44	10,33
DS6	85	0,90
DS7	70	3,11
DS8	66	0,51
DS9	86	2,95
DS10	26	4,14
DS11	1	0,22
DS12	48	6,15
DS13	70	5,32
DS14	20	1,13
DS15	55	0,72
DS16	41	0,05
DS17	65	13,70
DS18	13	1,06
DS19	8	0,05
DS20	9	0,10
DS21	54	12,25
DS22	51	7,53
DS23	37	1,45
DS24	28	1,16
DS25	36	8,56
DS26	86	1,56
DS27	52	6,22
DS28	77	14,07
DS29	24	5,64
DS30	62	11,24
DS31	72	15,29
DS32	57	4,09
ES1	8	1,29
ES2	84	11,59
ES3	72	13,10
ES4	70	14,18
ES5	96	17,79
ES6	2	0,42
ES7	12	1,66
ES8	6	0,98
ES9	52	10,63
ES10	0	0,00
ES11	41	6,91
ES12	76	7,14
ES13	41	8,84
ES14	47	5,88
ES15	57	1,13
ES16	8	1,82
ES17	38	3,78
ES18	29	1,18
ES19	14	0,88
ES20	90	9,26
ES21	35	0,53
ES22	70	9,67
ES23	72	17,69
ES24	88	5,37
ES25	50	2,65
ES26	26	6,36
ES27	92	5,44
ES28	86	1,78
ES29	59	0,22
ES30	70	7,53
ES31	57	11,99
ES32	77	16,08
FS1	76	6,12
FS2	31	2,61
FS3	57	3,64
FS4	82	9,08
FS5	18	3,72
FS6	46	9,29
FS7	35	4,59
FS8	3	0,67
FS9	35	8,71
FS10	48	11,60
FS11	2	0,08
FS12	87	20,24
FS13	14	2,00
FS14	86	8,34
FS15	92	19,17
FS16	36	7,14
FS17	99	18,21
FS18	96	9,44
FS19	58	5,13
FS20	56	4,20
FS21	67	7,67
FS22	23	0,43
FS23	87	2,41
FS24	24	0,06
FS25	5	0,03
FS26	42	3,44
FS27	84	12,90
FS28	86	18,66
FS29	85	8,45
FS30	89	21,74
FS31	17	2,85
FS32	93	22,31
GS1	1	0,18
GS2	25	1,28
GS3	97	15,99
GS4	23	1,25
GS5	20	0,01
GS6	43	10,09
GS7	10	0,40
GS8	66	15,25
GS9	24	1,23
GS10	93	16,24
GS11	37	3,98
GS12	80	14,72
GS13	64	5,24
GS14	76	10,37
GS15	66	3,45
GS16	19	2,91
GS17	26	5,87
GS18	18	1,21
GS19	94	17,05
GS20	54	8,74
GS21	69	15,33
GS22	11	2,23
GS23	81	19,57
GS24	98	2,94
GS25	21	2,59
GS26	6	0,14
GS27	44	9,49
GS28	36	3,50
GS29	95	17,83
GS30	49	12,08
GS31	27	2,58
GS32	52	3,52
HS1	75	1,69
HS2	40	9,41
HS3	91	8,17
HS4	17	2,14
HS5	27	4,95
HS6	28	1,34
HS7	65	5,64
HS8	66	10,71
HS9	81	6,69
HS10	83	16,37
HS11	85	18,38
HS12	40	4,13
HS13	15	0,07
HS14	5	1,03
HS15	9	0,07
HS16	92	18,03
HS17	99	21,90
HS18	17	1,38
HS19	63	12,84
HS20	73	13,25
HS21	2	0,36
HS22	75	17,81
HS23	85	0,77
HS24	7	0,50
HS25	48	0,24
HS26	78	11,31
HS27	68	9,36
HS28	67	15,80
HS29	84	3,73
HS30	67	1,52
HS31	36	2,10
HS32	65	14,91
IS1	72	2,73
IS2	18	1,45
IS3	97	21,10
IS4	58	10,49
IS5	94	1,18
IS6	19	0,78
IS7	86	7,32
IS8	96	21,51
IS9	20	2,75
IS10	23	0,02
IS11	5	0,33
IS12	11	0,21
IS13	2	0,25
IS14	93	10,95
IS15	34	5,63
IS16	89	19,92
IS17	28	4,26
IS18	47	4,15
IS19	89	6,05
IS20	10	0,34
IS21	93	21,87
IS22	80	19,41
IS23	73	9,90
IS24	63	8,58
IS25	66	5,86
IS26	42	9,78
IS27	76	14,68
IS28	52	4,98
IS29	23	1,84
IS30	35	2,25
IS31	43	4,49
IS32	92	9,71
JS1	4	0,12
JS2	17	0,94
JS3	29	0,53
JS4	96	11,24
JS5	22	3,92
JS6	7	1,70
JS7	49	6,88
JS8	57	11,44
JS9	19	2,48
JS10	20	0,41
JS11	46	1,49
JS12	74	0,32
JS13	57	10,99
JS14	81	11,49
JS15	25	5,50
JS16	42	7,10
JS17	24	1,16
JS18	56	9,04
JS19	88	7,41
JS20	70	0,91
JS21	65	6,99
JS22	25	4,11
JS23	13	1,19
JS24	83	16,53
JS25	6	1,39
JS26	71	16,95
JS27	83	12,54
JS28	10	2,30
JS29	58	10,21
JS30	32	2,90
JS31	96	1,54
JS32	39	7,54
KS1	1	0,03
KS2	73	17,52
KS3	91	16,64
KS4	41	8,91
KS5	30	4,60
KS6	84	8,04
KS7	79	12,76
KS8	68	7,97
KS9	47	9,74
KS10	57	9,34
KS11	15	1,08
KS12	64	10,15
KS13	18	2,39
KS14	72	13,28
KS15	49	11,93
KS16	95	4,94
KS17	83	9,48
KS18	66	7,59
KS19	8	0,98
KS20	77	13,78
KS21	16	2,03
KS22	78	7,04
KS23	32	1,81
KS24	17	2,42
KS25	91	9,00
KS26	7	0,26
KS27	97	19,58
KS28	31	1,47
KS29	30	2,54
KS30	69	0,22
KS31	14	1,63
KS32	94	17,90
LS1	5	1,11
LS2	94	21,59
LS3	22	1,45
LS4	98	5,30
LS5	17	1,87
LS6	79	4,08
LS7	25	4,67
LS8	97	20,83
LS9	23	3,85
LS10	89	9,13
LS11	1	0,17
LS12	10	1,55
LS13	67	13,83
LS14	74	1,71
LS15	94	2,67
LS16	39	3,79
LS17	100	16,72
LS18	77	14,60
LS19	4	0,34
LS20	25	1,15
LS21	5	0,89
LS22	26	3,29
LS23	5	0,12
LS24	95	1,18
LS25	8	0,95
LS26	77	19,16
LS27	38	7,47
LS28	21	2,88
LS29	25	3,50
LS30	46	7,16
LS31	42	6,02
LS32	73	10,39
MS1	0	0,00
MS2	78	7,52
MS3	83	15,69
MS4	17	3,53
MS5	77	11,28
MS6	36	8,32
MS7	73	1,54
MS8	23	5,48
MS9	2	0,39
MS10	73	9,32
MS11	96	11,36
MS12	96	9,32
MS13	87	1,04
MS14	79	8,43
MS15	26	6,25
MS16	87	14,02
MS17	10	1,37
MS18	99	4,52
MS19	15	2,89
MS20	48	3,86
MS21	68	14,06
MS22	69	6,09
MS23	82	18,22
MS24	94	8,49
MS25	3	0,00
MS26	27	3,41
MS27	91	18,08
MS28	87	13,86
MS29	45	1,42
MS30	49	8,95
MS31	21	3,82
MS32	2	0,31
NS1	64	8,69
NS2	59	9,79
NS3	48	2,85
NS4	85	3,89
NS5	23	1,76
NS6	9	1,31
NS7	68	12,60
NS8	24	0,89
NS9	76	13,04
NS10	10	0,65
NS11	63	5,88
NS12	46	8,77
NS13	49	1,98
NS14	66	11,05
NS15	88	11,82
NS16	55	12,35
NS17	52	6,80
NS18	1	0,07
NS19	87	7,28
NS20	6	0,07
NS21	58	2,60
NS22	17	0,05
NS23	21	1,96
NS24	39	0,87
NS25	0	0,00
NS26	85	0,15
NS27	68	6,66
NS28	24	1,16
NS29	9	1,29
NS30	56	8,12
NS31	90	14,67
NS32	24	3,71
OS1	40	6,78
OS2	68	7,20
OS3	44	2,12
OS4	18	1,19
OS5	46	1,46
OS6	81	18,50
OS7	78	13,99
OS8	81	18,43
OS9	10	0,09
OS10	25	0,17
OS11	15	0,81
OS12	39	8,81
OS13	25	1,05
OS14	28	4,07
OS15	95	7,68
OS16	88	17,15
OS17	52	2,96
OS18	1	0,00
OS19	10	2,23
OS20	10	2,08
OS21	18	0,74
OS22	35	6,11
OS23	66	5,86
OS24	25	0,34
OS25	47	5,34
OS26	44	2,11
OS27	9	0,33
OS28	57	1,41
OS29	75	14,95
OS30	86	20,15
OS31	6	1,02
OS32	18	4,43
PS1	43	0,09
PS2	28	2,17
PS3	95	7,94
PS4	8	0,41
PS5	88	11,19
PS6	4	0,74
PS7	69	3,94
PS8	12	2,02
PS9	1	0,10
PS10	61	6,05
PS11	27	5,36
PS12	51	6,31
PS13	20	4,13
PS14	21	3,70
PS15	86	13,63
PS16	94	2,10
PS17	43	2,79
PS18	61	6,25
PS19	88	11,18
PS20	68	7,39
PS21	70	0,52
PS22	91	5,64
PS23	35	0,84
PS24	66	5,70
PS25	83	14,96
PS26	78	7,86
PS27	6	0,89
PS28	76	13,24
PS29	83	19,03
PS30	53	2,20
PS31	2	0,13
PS32	62	5,38
QS1	84	2,04
QS2	76	15,15
QS3	100	15,45
QS4	68	2,57
QS5	49	9,17
QS6	85	13,01
QS7	14	0,89
QS8	42	10,49
QS9	58	1,92
QS10	2	0,30
QS11	69	16,22
QS12	10	0,44
QS13	32	5,06
QS14	44	6,11
QS15	77	4,32
QS16	11	1,41
QS17	100	4,52
QS18	21	3,43
QS19	19	2,85
QS20	45	10,22
QS21	27	6,18
QS22	41	8,96
QS23	39	9,70
QS24	61	8,96
QS25	35	8,74
QS26	73	3,27
QS27	46	5,15
QS28	19	1,62
QS29	38	3,40
QS30	66	9,12
QS31	53	8,91
QS32	3	0,33
