AFN1	49	1,91
AFN2	39	6,23
AFN3	92	2,02
AFN4	68	4,33
AFN5	23	3,65
AFN6	31	5,65
AFN7	90	3,62
AFN8	23	2,45
AFN9	13	2,21
AFN10	36	3,93
AFN11	43	8,95
AFN12	36	4,76
AFN13	45	11,03
AFN14	73	8,98
AFN15	7	0,35
AFN16	73	13,05
AFN17	96	10,32
AFN18	95	10,75
AFN19	36	3,06
AFN20	78	12,71
AFN21	59	9,14
AFN22	37	7,97
AFN23	35	2,48
AFN24	98	22,02
AFN25	1	0,10
AFN26	41	0,12
AFN27	66	5,45
AFN28	67	0,64
AFN29	74	14,59
AFN30	37	7,92
AFN31	69	9,98
AFN32	30	3,77
AFN33	43	3,36
AFN34	79	1,29
AFN35	33	2,96
AFN36	82	9,53
AFN37	65	16,12
AFN38	90	20,57
AFN39	66	8,78
AFN40	39	3,31
AFN41	18	3,46
AFN42	84	11,65
AFN43	5	0,40
AFN44	75	5,43
AFN45	37	2,40
AFN46	76	7,26
AFN47	100	14,54
AFN48	52	10,01
AFN49	42	4,09
AFN50	1	0,12
AFN51	12	0,04
AFN52	17	1,81
AFN53	98	7,20
AFN54	22	4,62
AFN55	14	0,26
AFN56	22	3,99
AFN57	62	9,28
AFN58	61	5,39
AFN59	36	7,36
AFN60	39	4,17
AFN61	44	10,19
AFN62	91	10,62
AFN63	83	1,71
AFN64	50	6,39
AEN1	72	2,57
AEN2	53	6,54
AEN3	52	11,75
AEN4	72	5,71
AEN5	62	8,04
AEN6	59	12,68
AEN7	11	0,30
AEN8	10	1,58
AEN9	39	5,92
AEN10	45	9,05
AEN11	32	3,81
AEN12	76	0,46
AEN13	61	3,33
AEN14	68	0,25
AEN15	53	11,28
AEN16	45	1,34
AEN17	82	9,21
AEN18	24	4,56
AEN19	40	9,49
AEN20	90	12,40
AEN21	9	0,51
AEN22	52	4,95
AEN23	10	1,39
AEN24	6	0,19
AEN25	68	5,84
AEN26	5	0,64
AEN27	47	1,39
AEN28	53	3,29
AEN29	58	6,61
AEN30	66	2,94
AEN31	47	7,00
AEN32	77	15,40
AEN33	37	7,80
AEN34	27	5,41
AEN35	74	12,58
AEN36	83	16,69
AEN37	24	1,71
AEN38	9	0,95
AEN39	42	3,39
AEN40	96	14,33
AEN41	46	7,54
AEN42	24	4,52
AEN43	21	3,58
AEN44	91	19,08
AEN45	24	1,41
AEN46	72	5,92
AEN47	49	4,05
AEN48	67	11,28
AEN49	5	0,06
AEN50	76	16,63
AEN51	55	10,18
AEN52	98	4,98
AEN53	41	8,08
AEN54	77	0,45
AEN55	48	7,86
AEN56	28	6,76
AEN57	49	2,02
AEN58	32	6,35
AEN59	53	1,81
AEN60	74	6,95
AEN61	80	14,29
AEN62	87	16,77
AEN63	99	14,41
AEN64	6	0,05
ADN1	51	3,59
ADN2	83	11,70
ADN3	25	0,58
ADN4	83	11,57
ADN5	50	7,18
ADN6	3	0,09
ADN7	43	0,67
ADN8	91	20,32
ADN9	100	6,81
ADN10	38	5,55
ADN11	84	18,10
ADN12	58	5,13
ADN13	62	4,45
ADN14	73	12,61
ADN15	100	23,00
ADN16	99	7,65
ADN17	70	14,44
ADN18	2	0,23
ADN19	95	10,32
ADN20	1	0,04
ADN21	44	10,22
ADN22	66	7,58
ADN23	61	5,14
ADN24	14	1,23
ADN25	67	2,88
ADN26	88	6,71
ADN27	60	14,63
ADN28	93	12,90
ADN29	14	0,54
ADN30	27	5,72
ADN31	86	6,99
ADN32	23	0,91
ADN33	30	2,76
ADN34	89	9,64
ADN35	11	0,88
ADN36	56	7,84
ADN37	48	10,89
ADN38	76	17,61
ADN39	30	1,09
ADN40	78	3,11
ADN41	27	2,67
ADN42	6	0,43
ADN43	1	0,03
ADN44	19	1,07
ADN45	44	3,24
ADN46	25	3,10
ADN47	91	20,26
ADN48	62	4,53
ADN49	56	8,66
ADN50	11	0,27
ADN51	29	3,50
ADN52	57	1,07
ADN53	79	16,12
ADN54	44	10,36
ADN55	24	4,24
ADN56	45	10,29
ADN57	60	5,51
ADN58	70	13,54
ADN59	46	2,32
ADN60	5	0,68
ADN61	83	6,55
ADN62	83	1,21
ADN63	76	6,62
ADN64	38	4,11
ACN1	12	2,05
ACN2	78	15,06
ACN3	10	2,21
ACN4	100	2,64
ACN5	3	0,25
ACN6	32	2,29
ACN7	46	0,61
ACN8	96	21,14
ACN9	15	1,81
ACN10	71	1,62
ACN11	6	0,92
ACN12	50	11,46
ACN13	17	3,05
ACN14	90	0,44
ACN15	56	13,09
ACN16	24	5,77
ACN17	41	7,32
ACN18	16	2,60
ACN19	28	6,59
ACN20	87	4,01
ACN21	24	4,50
ACN22	55	12,99
ACN23	99	9,16
ACN24	93	6,44
ACN25	99	5,21
ACN26	2	0,31
ACN27	0	0,00
ACN28	13	1,71
ACN29	23	0,20
ACN30	68	9,79
ACN31	92	1,97
ACN32	56	10,53
ACN33	94	8,03
ACN34	64	8,58
ACN35	2	0,25
ACN36	59	0,11
ACN37	54	12,57
ACN38	77	8,23
ACN39	70	16,09
ACN40	38	4,81
ACN41	37	6,47
ACN42	38	1,81
ACN43	90	15,92
ACN44	29	5,26
ACN45	67	6,50
ACN46	91	11,65
ACN47	72	8,29
ACN48	24	3,94
ACN49	9	0,78
ACN50	14	2,49
ACN51	42	9,77
ACN52	74	0,37
ACN53	29	2,28
ACN54	51	1,05
ACN55	14	0,16
ACN56	76	15,26
ACN57	69	7,37
ACN58	38	2,70
ACN59	95	17,46
ACN60	42	7,60
ACN61	13	2,98
ACN62	34	6,97
ACN63	67	13,48
ACN64	65	3,15
ABN1	100	3,34
ABN2	75	7,56
ABN3	14	0,34
ABN4	85	1,29
ABN5	2	0,32
ABN6	63	14,05
ABN7	57	10,82
ABN8	74	15,03
ABN9	100	8,71
ABN10	43	7,04
ABN11	25	2,31
ABN12	20	0,25
ABN13	3	0,46
ABN14	93	12,96
ABN15	76	2,60
ABN16	28	6,24
ABN17	75	8,40
ABN18	81	7,75
ABN19	18	1,47
ABN20	80	11,07
ABN21	81	15,91
ABN22	6	0,40
ABN23	72	7,46
ABN24	50	7,35
ABN25	90	1,65
ABN26	94	18,12
ABN27	74	6,89
ABN28	97	8,19
ABN29	27	0,42
ABN30	15	1,64
ABN31	33	6,39
ABN32	51	10,47
ABN33	74	16,32
ABN34	14	0,55
ABN35	96	5,75
ABN36	10	1,88
ABN37	42	2,59
ABN38	70	5,59
ABN39	6	1,43
ABN40	94	12,28
ABN41	12	1,69
ABN42	44	7,05
ABN43	33	6,50
ABN44	88	20,07
ABN45	79	10,46
ABN46	16	2,67
ABN47	18	3,10
ABN48	4	0,79
ABN49	40	6,41
ABN50	91	6,56
ABN51	35	6,31
ABN52	88	11,52
ABN53	95	18,57
ABN54	57	1,81
ABN55	67	4,05
ABN56	13	2,27
ABN57	37	7,81
ABN58	100	12,39
ABN59	75	6,31
ABN60	35	5,82
ABN61	4	0,02
ABN62	100	13,03
ABN63	23	3,97
ABN64	43	7,93
AAN1	96	1,83
AAN2	45	3,60
AAN3	20	3,08
AAN4	63	3,34
AAN5	17	2,88
AAN6	6	0,73
AAN7	50	12,30
AAN8	85	3,63
AAN9	87	5,30
AAN10	41	8,56
AAN11	53	3,71
AAN12	33	6,09
AAN13	22	3,59
AAN14	66	2,31
AAN15	26	6,16
AAN16	29	5,56
AAN17	71	8,82
AAN18	76	15,58
AAN19	66	10,28
AAN20	74	0,30
AAN21	39	1,71
AAN22	63	10,47
AAN23	44	7,94
AAN24	37	6,16
AAN25	15	2,40
AAN26	83	7,06
AAN27	69	3,96
AAN28	69	8,76
AAN29	54	0,04
AAN30	23	0,52
AAN31	10	0,85
AAN32	71	6,95
AAN33	20	3,71
AAN34	4	0,03
AAN35	4	0,91
AAN36	89	9,84
AAN37	6	0,80
AAN38	34	5,15
AAN39	66	6,83
AAN40	24	1,31
AAN41	63	3,75
AAN42	13	0,47
AAN43	54	5,72
AAN44	58	5,35
AAN45	6	1,15
AAN46	88	3,24
AAN47	5	0,17
AAN48	15	1,64
AAN49	2	0,01
AAN50	88	14,28
AAN51	60	13,58
AAN52	98	7,39
AAN53	80	4,89
AAN54	0	0,00
AAN55	75	1,78
AAN56	35	1,96
AAN57	33	3,03
AAN58	69	16,82
AAN59	28	6,68
AAN60	87	17,82
AAN61	81	7,76
AAN62	89	18,16
AAN63	63	8,31
AAN64	65	2,06
ZN1	46	6,52
ZN2	38	1,77
ZN3	64	13,69
ZN4	14	2,65
ZN5	26	5,68
ZN6	19	4,00
ZN7	18	0,55
ZN8	1	0,11
ZN9	49	9,63
ZN10	91	14,69
ZN11	62	6,99
ZN12	49	4,21
ZN13	30	0,00
ZN14	56	1,38
ZN15	58	6,37
ZN16	59	12,19
ZN17	70	7,74
ZN18	3	0,36
ZN19	63	8,10
ZN20	22	5,06
ZN21	43	0,83
ZN22	73	7,25
ZN23	58	7,28
ZN24	37	2,82
ZN25	20	0,08
ZN26	13	1,39
ZN27	22	4,00
ZN28	2	0,30
ZN29	35	3,31
ZN30	16	3,97
ZN31	29	1,78
ZN32	64	15,86
ZN33	4	0,27
ZN34	57	11,50
ZN35	79	11,78
ZN36	26	3,27
ZN37	66	3,81
ZN38	12	0,36
ZN39	23	4,55
ZN40	68	7,61
ZN41	1	0,05
ZN42	42	8,12
ZN43	18	3,97
ZN44	96	9,90
ZN45	37	1,45
ZN46	75	4,41
ZN47	31	5,89
ZN48	27	5,19
ZN49	58	1,97
ZN50	44	0,81
ZN51	46	4,78
ZN52	58	0,21
ZN53	18	1,03
ZN54	50	11,86
ZN55	49	1,15
ZN56	4	0,27
ZN57	59	14,13
ZN58	56	12,67
ZN59	33	2,89
ZN60	35	0,42
ZN61	88	0,74
ZN62	5	0,96
ZN63	44	0,99
ZN64	58	11,39
YN1	79	4,91
YN2	31	5,30
YN3	2	0,12
YN4	76	0,31
YN5	42	9,53
YN6	46	1,76
YN7	39	6,15
YN8	2	0,37
YN9	19	3,80
YN10	98	18,86
YN11	57	6,03
YN12	20	1,59
YN13	52	4,25
YN14	17	2,04
YN15	84	16,88
YN16	54	8,18
YN17	80	18,93
YN18	26	3,05
YN19	71	14,21
YN20	29	6,66
YN21	71	11,15
YN22	35	8,47
YN23	11	1,08
YN24	63	6,75
YN25	43	5,53
YN26	99	21,22
YN27	100	17,89
YN28	6	1,43
YN29	31	3,41
YN30	38	5,94
YN31	68	15,99
YN32	57	5,28
YN33	43	4,37
YN34	93	5,87
YN35	78	12,68
YN36	11	2,30
YN37	81	10,05
YN38	62	11,43
YN39	78	7,25
YN40	17	2,65
YN41	65	1,79
YN42	84	7,91
YN43	11	0,27
YN44	48	9,70
YN45	41	7,36
YN46	78	10,60
YN47	88	7,75
YN48	69	1,85
YN49	88	14,33
YN50	34	4,46
YN51	75	10,05
YN52	73	18,06
YN53	90	16,41
YN54	49	0,45
YN55	93	20,72
YN56	62	11,37
YN57	66	12,61
YN58	12	0,91
YN59	82	11,81
YN60	64	5,51
YN61	5	0,25
YN62	96	1,99
YN63	37	8,07
YN64	77	4,23
XN1	29	2,33
XN2	77	14,03
XN3	91	14,16
XN4	34	1,36
XN5	28	4,66
XN6	67	4,75
XN7	48	5,91
XN8	72	12,64
XN9	15	1,07
XN10	99	19,29
XN11	45	7,20
XN12	87	20,02
XN13	7	1,32
XN14	59	3,93
XN15	44	9,01
XN16	53	8,62
XN17	93	16,65
XN18	18	2,98
XN19	85	18,43
XN20	50	8,65
XN21	59	13,57
XN22	48	4,10
XN23	29	6,71
XN24	59	12,02
XN25	31	4,73
XN26	67	6,59
XN27	60	8,39
XN28	32	3,12
XN29	51	1,77
XN30	2	0,35
XN31	56	4,65
XN32	58	3,21
XN33	18	2,71
XN34	80	9,75
XN35	41	1,13
XN36	79	10,94
XN37	77	3,58
XN38	0	0,00
XN39	19	3,35
XN40	21	2,32
XN41	31	6,21
XN42	96	19,27
XN43	6	0,21
XN44	47	5,79
XN45	95	9,86
XN46	76	4,31
XN47	32	0,31
XN48	17	2,76
XN49	24	1,77
XN50	18	3,90
XN51	51	4,73
XN52	98	22,95
XN53	46	2,03
XN54	60	1,31
XN55	71	13,65
XN56	27	1,35
XN57	85	1,82
XN58	83	4,92
XN59	47	5,08
XN60	88	12,02
XN61	79	5,71
XN62	98	7,19
XN63	97	13,51
XN64	4	0,74
WN1	58	7,39
WN2	47	8,18
WN3	45	9,60
WN4	23	5,27
WN5	26	1,39
WN6	45	10,89
WN7	11	1,90
WN8	93	1,17
WN9	58	5,67
WN10	7	0,62
WN11	9	2,06
WN12	74	17,46
WN13	32	6,64
WN14	92	13,55
WN15	81	6,49
WN16	100	5,84
WN17	7	0,84
WN18	12	2,87
WN19	10	0,39
WN20	89	14,73
WN21	27	6,52
WN22	52	2,10
WN23	33	0,01
WN24	94	19,03
WN25	74	17,01
WN26	13	3,14
WN27	33	5,07
WN28	62	14,70
WN29	77	1,76
WN30	32	3,19
WN31	40	2,48
WN32	49	10,95
WN33	1	0,21
WN34	82	4,00
WN35	58	2,78
WN36	13	2,24
WN37	64	13,11
WN38	49	4,37
WN39	8	0,15
WN40	75	11,18
WN41	45	2,59
WN42	84	2,48
WN43	38	6,46
WN44	10	0,73
WN45	98	2,96
WN46	73	3,69
WN47	61	11,21
WN48	0	0,00
WN49	66	13,01
WN50	89	1,86
WN51	74	5,82
WN52	32	5,36
WN53	29	2,94
WN54	16	0,17
WN55	80	2,19
WN56	93	16,24
WN57	37	3,19
WN58	47	0,60
WN59	55	12,98
WN60	58	0,92
WN61	31	6,74
WN62	85	0,28
WN63	30	3,65
WN64	45	1,77
VN1	76	0,54
VN2	83	13,11
VN3	23	0,85
VN4	24	1,82
VN5	73	13,99
VN6	77	0,67
VN7	98	16,50
VN8	47	4,34
VN9	97	9,10
VN10	62	7,76
VN11	79	17,87
VN12	88	9,33
VN13	1	0,12
VN14	74	17,64
VN15	9	1,51
VN16	30	0,60
VN17	54	12,68
VN18	45	5,44
VN19	36	5,66
VN20	91	16,21
VN21	100	16,64
VN22	83	20,16
VN23	17	1,50
VN24	57	0,67
VN25	12	0,49
VN26	40	8,82
VN27	87	15,05
VN28	10	1,47
VN29	81	11,14
VN30	12	1,70
VN31	60	13,64
VN32	82	2,39
VN33	73	10,22
VN34	2	0,42
VN35	46	8,63
VN36	40	9,13
VN37	63	8,59
VN38	87	6,96
VN39	40	9,63
VN40	21	2,63
VN41	41	4,62
VN42	54	11,13
VN43	75	8,87
VN44	34	5,36
VN45	2	0,29
VN46	44	4,03
VN47	77	11,83
VN48	93	18,28
VN49	4	0,82
VN50	12	1,49
VN51	12	1,55
VN52	21	4,33
VN53	98	15,34
VN54	64	5,66
VN55	27	5,82
VN56	21	2,11
VN57	68	0,94
VN58	69	9,94
VN59	60	12,41
VN60	53	7,82
VN61	91	14,21
VN62	14	0,48
VN63	77	2,47
VN64	24	3,29
UN1	65	9,05
UN2	38	4,53
UN3	93	14,16
UN4	59	4,93
UN5	27	4,40
UN6	32	5,01
UN7	50	10,32
UN8	13	2,68
UN9	30	4,37
UN10	69	13,29
UN11	4	0,57
UN12	15	1,37
UN13	47	0,58
UN14	61	6,93
UN15	93	5,09
UN16	80	1,56
UN17	13	2,49
UN18	2	0,41
UN19	1	0,06
UN20	46	10,46
UN21	20	3,90
UN22	12	1,30
UN23	15	0,05
UN24	59	2,50
UN25	70	2,45
UN26	8	0,11
UN27	2	0,27
UN28	21	4,81
UN29	53	4,93
UN30	34	8,06
UN31	18	1,80
UN32	80	14,32
UN33	46	7,71
UN34	35	7,82
UN35	15	2,81
UN36	26	1,72
UN37	24	0,69
UN38	89	16,74
UN39	20	2,61
UN40	45	0,05
UN41	62	9,09
UN42	52	1,00
UN43	90	18,21
UN44	94	6,35
UN45	30	3,04
UN46	85	17,36
UN47	66	9,55
UN48	9	1,33
UN49	41	0,27
UN50	83	20,36
UN51	71	6,34
UN52	45	6,47
UN53	41	3,99
UN54	13	0,63
UN55	93	0,38
UN56	42	3,69
UN57	60	11,83
UN58	42	3,72
UN59	12	2,88
UN60	79	16,32
UN61	12	0,97
UN62	74	1,25
UN63	72	9,84
UN64	86	19,93
TN1	100	5,09
TN2	29	2,05
TN3	1	0,17
TN4	89	16,55
TN5	87	6,16
TN6	5	0,52
TN7	56	13,09
TN8	59	13,01
TN9	26	2,64
TN10	54	6,46
TN11	24	3,87
TN12	19	2,16
TN13	85	2,72
TN14	48	11,94
TN15	7	1,38
TN16	72	0,10
TN17	41	5,57
TN18	72	3,20
TN19	71	7,32
TN20	79	4,30
TN21	84	18,77
TN22	99	13,36
TN23	76	15,02
TN24	25	3,39
TN25	71	12,20
TN26	84	4,36
TN27	45	2,94
TN28	63	14,24
TN29	19	4,69
TN30	43	4,35
TN31	53	1,72
TN32	29	2,42
TN33	89	10,70
TN34	5	0,06
TN35	47	8,58
TN36	76	16,31
TN37	50	10,61
TN38	80	1,00
TN39	39	0,43
TN40	72	2,00
TN41	81	16,12
TN42	18	4,08
TN43	32	7,94
TN44	38	0,09
TN45	94	23,33
TN46	55	0,95
TN47	69	12,56
TN48	9	1,04
TN49	13	3,04
TN50	66	3,22
TN51	68	15,40
TN52	24	2,14
TN53	12	1,68
TN54	83	14,28
TN55	10	0,16
TN56	52	2,21
TN57	59	2,15
TN58	39	8,33
TN59	34	7,17
TN60	65	3,18
TN61	0	0,00
TN62	28	6,47
TN63	22	4,78
TN64	84	20,74
SN1	71	8,45
SN2	82	8,84
SN3	54	8,36
SN4	8	1,41
SN5	13	0,42
SN6	63	13,06
SN7	21	3,48
SN8	42	0,16
SN9	46	3,01
SN10	5	1,16
SN11	43	1,31
SN12	34	6,68
SN13	31	5,15
SN14	21	2,67
SN15	22	0,68
SN16	19	1,16
SN17	87	16,32
SN18	85	15,07
SN19	7	0,85
SN20	51	2,82
SN21	53	5,18
SN22	31	6,56
SN23	32	5,85
SN24	94	23,06
SN25	63	10,39
SN26	81	2,24
SN27	33	7,26
SN28	25	3,81
SN29	65	5,95
SN30	87	2,77
SN31	9	0,70
SN32	80	2,90
SN33	43	7,37
SN34	23	2,42
SN35	59	4,20
SN36	26	3,94
SN37	17	2,56
SN38	80	19,37
SN39	36	3,83
SN40	67	11,76
SN41	27	1,64
SN42	29	3,14
SN43	2	0,40
SN44	88	9,06
SN45	21	2,85
SN46	26	1,78
SN47	49	10,13
SN48	85	15,28
SN49	16	3,85
SN50	45	8,83
SN51	1	0,10
SN52	10	1,46
SN53	40	2,80
SN54	46	1,39
SN55	34	3,99
SN56	5	0,99
SN57	93	16,82
SN58	56	9,70
SN59	87	1,80
SN60	62	8,74
SN61	26	5,90
SN62	67	12,95
SN63	80	15,16
SN64	88	17,99
RN1	4	0,25
RN2	76	16,23
RN3	77	18,54
RN4	47	6,52
RN5	54	9,17
RN6	87	5,58
RN7	41	0,14
RN8	4	0,44
RN9	65	9,00
RN10	25	3,79
RN11	98	17,11
RN12	65	9,29
RN13	31	6,65
RN14	1	0,04
RN15	66	6,18
RN16	20	2,49
RN17	17	3,08
RN18	63	9,97
RN19	41	2,10
RN20	56	11,77
RN21	81	8,45
RN22	82	13,90
RN23	77	11,36
RN24	12	1,38
RN25	37	8,24
RN26	13	2,55
RN27	17	3,03
RN28	17	3,77
RN29	55	13,65
RN30	57	12,22
RN31	11	1,17
RN32	41	5,94
RN33	50	4,18
RN34	27	5,48
RN35	82	10,55
RN36	47	11,04
RN37	99	18,34
RN38	46	9,70
RN39	80	12,87
RN40	24	1,49
RN41	4	0,07
RN42	45	1,01
RN43	18	4,42
RN44	30	3,92
RN45	78	0,13
RN46	32	3,53
RN47	68	13,18
RN48	60	13,18
RN49	19	1,73
RN50	70	10,74
RN51	28	4,96
RN52	87	7,83
RN53	55	12,96
RN54	81	3,27
RN55	9	0,33
RN56	16	0,63
RN57	99	2,11
RN58	60	12,79
RN59	48	10,15
RN60	36	8,64
RN61	53	6,59
RN62	51	10,69
RN63	9	1,97
RN64	72	11,13
QN1	87	16,13
QN2	93	5,83
QN3	99	0,02
QN4	64	7,94
QN5	63	6,53
QN6	25	1,75
QN7	73	14,58
QN8	72	14,55
QN9	96	15,47
QN10	71	7,89
QN11	32	2,06
QN12	83	18,02
QN13	74	2,76
QN14	94	14,68
QN15	1	0,14
QN16	54	6,96
QN17	40	6,33
QN18	69	8,60
QN19	43	1,96
QN20	14	0,18
QN21	31	6,61
QN22	44	3,87
QN23	29	2,17
QN24	35	7,30
QN25	53	2,17
QN26	40	7,24
QN27	44	9,76
QN28	63	1,83
QN29	57	11,79
QN30	45	1,22
QN31	34	5,80
QN32	79	0,78
QN33	71	14,13
QN34	28	6,18
QN35	31	3,95
QN36	34	4,44
QN37	84	2,19
QN38	26	5,23
QN39	34	1,83
QN40	72	9,63
QN41	13	1,11
QN42	58	12,17
QN43	94	15,87
QN44	18	2,64
QN45	85	1,12
QN46	9	1,47
QN47	56	1,07
QN48	95	8,38
QN49	95	4,96
QN50	1	0,24
QN51	27	5,42
QN52	61	3,27
QN53	12	0,47
QN54	14	0,29
QN55	51	11,70
QN56	55	13,33
QN57	37	6,73
QN58	38	8,54
QN59	80	6,74
QN60	69	5,01
QN61	60	5,75
QN62	58	10,50
QN63	64	5,67
QN64	15	1,58
PN1	81	9,41
PN2	64	4,90
PN3	12	0,71
PN4	43	3,58
PN5	22	4,26
PN6	37	8,18
PN7	6	0,17
PN8	48	11,60
PN9	7	1,44
PN10	4	1,00
PN11	70	5,86
PN12	20	1,46
PN13	19	0,86
PN14	31	1,54
PN15	94	0,83
PN16	78	15,66
PN17	21	2,31
PN18	50	4,98
PN19	97	8,82
PN20	73	11,11
PN21	4	0,28
PN22	90	8,95
PN23	14	1,54
PN24	21	2,96
PN25	58	2,65
PN26	11	0,33
PN27	33	6,61
PN28	0	0,00
PN29	65	4,55
PN30	78	7,41
PN31	75	9,45
PN32	10	1,54
PN33	5	0,91
PN34	65	6,39
PN35	76	15,43
PN36	9	2,19
PN37	2	0,49
PN38	4	0,00
PN39	33	5,56
PN40	66	6,21
PN41	74	1,12
PN42	40	3,92
PN43	2	0,46
PN44	68	13,06
PN45	44	0,46
PN46	50	3,53
PN47	85	6,49
PN48	72	3,14
PN49	37	3,23
PN50	60	12,16
PN51	78	4,33
PN52	67	13,46
PN53	10	1,80
PN54	68	16,55
PN55	7	1,72
PN56	42	3,99
PN57	23	0,30
PN58	40	2,01
PN59	0	0,00
PN60	53	0,85
PN61	59	4,61
PN62	30	4,75
PN63	54	3,62
PN64	0	0,00
ON1	57	3,05
ON2	16	3,65
ON3	56	12,17
ON4	92	4,21
ON5	64	2,06
ON6	39	6,69
ON7	38	7,52
ON8	12	1,91
ON9	52	3,52
ON10	43	7,36
ON11	83	12,17
ON12	75	13,78
ON13	18	3,48
ON14	25	0,75
ON15	87	20,91
ON16	27	2,36
ON17	12	2,63
ON18	87	4,01
ON19	71	8,91
ON20	0	0,00
ON21	54	12,83
ON22	5	0,97
ON23	25	4,40
ON24	27	2,90
ON25	9	1,21
ON26	14	0,28
ON27	46	6,76
ON28	76	16,29
ON29	16	0,71
ON30	75	7,14
ON31	27	6,63
ON32	3	0,61
ON33	19	0,25
ON34	40	4,21
ON35	13	2,87
ON36	16	2,37
ON37	46	0,60
ON38	42	8,54
ON39	51	0,45
ON40	86	7,24
ON41	47	1,11
ON42	87	9,25
ON43	59	1,60
ON44	52	11,33
ON45	60	14,89
ON46	45	2,49
ON47	36	5,20
ON48	100	17,90
ON49	82	7,97
ON50	72	16,87
ON51	31	4,24
ON52	60	9,59
ON53	17	2,47
ON54	9	2,18
ON55	39	3,90
ON56	46	8,29
ON57	40	3,31
ON58	29	1,08
ON59	60	4,52
ON60	90	2,34
ON61	20	4,67
ON62	24	3,50
ON63	22	0,54
ON64	5	0,79
NN1	7	0,04
NN2	20	1,93
NN3	81	4,95
NN4	37	1,80
NN5	95	17,68
NN6	53	1,83
NN7	40	8,96
NN8	19	0,71
NN9	81	0,77
NN10	100	24,90
NN11	67	4,35
NN12	96	2,16
NN13	33	7,32
NN14	8	1,48
NN15	73	14,17
NN16	7	0,60
NN17	67	6,90
NN18	39	6,69
NN19	88	13,66
NN20	86	20,34
NN21	15	2,84
NN22	48	1,08
NN23	3	0,28
NN24	9	0,55
NN25	100	16,87
NN26	23	4,77
NN27	60	8,86
NN28	42	2,09
NN29	18	3,29
NN30	90	5,49
NN31	49	4,33
NN32	74	4,69
NN33	63	14,36
NN34	76	10,91
NN35	40	5,80
NN36	15	0,21
NN37	91	9,37
NN38	32	0,63
NN39	78	5,17
NN40	31	3,48
NN41	58	2,31
NN42	65	13,04
NN43	84	9,63
NN44	99	1,39
NN45	60	8,30
NN46	32	0,69
NN47	80	0,40
NN48	6	0,61
NN49	33	5,35
NN50	17	1,09
NN51	77	16,61
NN52	10	2,01
NN53	88	17,96
NN54	95	10,81
NN55	84	11,22
NN56	83	4,60
NN57	66	11,16
NN58	27	2,55
NN59	5	0,72
NN60	82	5,58
NN61	94	17,97
NN62	53	8,34
NN63	11	0,55
NN64	4	0,72
MN1	69	2,44
MN2	35	5,97
MN3	20	1,69
MN4	25	1,68
MN5	12	2,26
MN6	54	10,29
MN7	32	1,34
MN8	92	3,89
MN9	70	0,08
MN10	33	5,95
MN11	10	1,64
MN12	90	21,69
MN13	61	9,10
MN14	85	16,03
MN15	64	10,57
MN16	96	21,21
MN17	68	3,61
MN18	92	21,46
MN19	1	0,12
MN20	33	4,72
MN21	20	0,99
MN22	87	17,85
MN23	6	1,16
MN24	16	2,34
MN25	72	15,59
MN26	45	10,79
MN27	41	8,46
MN28	57	8,36
MN29	69	8,74
MN30	57	10,68
MN31	38	4,41
MN32	80	8,42
MN33	94	15,20
MN34	56	3,02
MN35	23	3,52
MN36	84	3,48
MN37	15	1,81
MN38	42	3,20
MN39	84	15,70
MN40	22	5,12
MN41	14	2,77
MN42	63	12,47
MN43	76	9,12
MN44	92	12,81
MN45	17	4,11
MN46	44	4,90
MN47	40	2,35
MN48	41	4,69
MN49	82	2,83
MN50	75	18,30
MN51	21	1,23
MN52	6	1,01
MN53	88	13,07
MN54	17	1,28
MN55	36	4,91
MN56	9	1,64
MN57	92	0,26
MN58	60	14,61
MN59	62	1,82
MN60	38	1,75
MN61	30	1,22
MN62	34	0,68
MN63	42	2,91
MN64	65	10,31
LN1	50	12,44
LN2	56	8,72
LN3	69	3,75
LN4	12	2,33
LN5	36	1,09
LN6	14	1,25
LN7	59	7,40
LN8	18	1,80
LN9	42	8,96
LN10	94	3,81
LN11	69	10,57
LN12	13	1,30
LN13	57	0,84
LN14	77	7,84
LN15	64	0,14
LN16	33	5,89
LN17	44	1,35
LN18	5	0,46
LN19	64	1,25
LN20	60	10,07
LN21	24	2,12
LN22	50	6,59
LN23	81	15,31
LN24	89	11,12
LN25	49	2,16
LN26	63	9,75
LN27	11	1,25
LN28	74	14,52
LN29	77	7,59
LN30	41	5,54
LN31	3	0,18
LN32	20	1,78
LN33	97	18,53
LN34	76	12,87
LN35	73	0,38
LN36	10	1,36
LN37	28	0,10
LN38	62	13,79
LN39	0	0,00
LN40	94	21,34
LN41	31	2,43
LN42	33	2,34
LN43	91	10,08
LN44	60	6,04
LN45	71	0,79
LN46	52	0,47
LN47	70	13,55
LN48	64	9,06
LN49	27	3,56
LN50	72	14,96
LN51	57	2,43
LN52	44	6,86
LN53	16	0,57
LN54	56	0,93
LN55	13	2,75
LN56	23	2,46
LN57	50	0,45
LN58	7	1,24
LN59	96	8,02
LN60	62	14,43
LN61	1	0,07
LN62	39	6,98
LN63	78	16,53
LN64	43	3,59
KN1	45	1,82
KN2	63	1,70
KN3	45	5,78
KN4	69	4,77
KN5	18	2,79
KN6	52	2,95
KN7	55	5,74
KN8	53	4,18
KN9	86	0,78
KN10	74	6,56
KN11	36	8,57
KN12	71	10,52
KN13	52	6,20
KN14	69	12,56
KN15	43	9,63
KN16	26	6,04
KN17	96	15,02
KN18	59	1,08
KN19	98	1,24
KN20	94	15,26
KN21	25	5,28
KN22	77	1,49
KN23	32	1,34
KN24	54	3,14
KN25	48	5,21
KN26	89	16,65
KN27	27	1,71
KN28	49	4,77
KN29	85	12,23
KN30	83	7,05
KN31	32	1,26
KN32	31	2,98
KN33	9	2,03
KN34	86	10,37
KN35	13	2,10
KN36	94	8,57
KN37	86	0,87
KN38	51	4,36
KN39	87	20,20
KN40	91	2,95
KN41	54	10,81
KN42	40	0,13
KN43	2	0,42
KN44	82	2,80
KN45	53	1,68
KN46	17	4,17
KN47	20	3,02
KN48	48	7,83
KN49	0	0,00
KN50	26	1,96
KN51	32	0,74
KN52	29	5,59
KN53	27	4,87
KN54	18	1,03
KN55	30	4,33
KN56	58	8,00
KN57	27	1,34
KN58	49	3,04
KN59	92	11,13
KN60	55	10,94
KN61	26	0,58
KN62	40	0,11
KN63	1	0,18
KN64	79	18,48
JN1	64	5,37
JN2	66	5,56
JN3	72	16,02
JN4	70	4,13
JN5	73	14,50
JN6	79	7,69
JN7	19	2,50
JN8	9	1,96
JN9	81	15,10
JN10	50	3,55
JN11	14	3,39
JN12	11	1,68
JN13	80	1,51
JN14	58	10,74
JN15	6	0,82
JN16	40	6,96
JN17	16	3,27
JN18	100	24,48
JN19	71	3,72
JN20	68	16,99
JN21	88	17,82
JN22	58	12,48
JN23	1	0,08
JN24	26	6,12
JN25	10	0,50
JN26	6	0,44
JN27	43	0,84
JN28	27	3,71
JN29	92	11,31
JN30	42	1,84
JN31	71	12,57
JN32	85	17,80
JN33	42	8,48
JN34	41	5,75
JN35	57	8,36
JN36	36	0,62
JN37	14	2,99
JN38	83	10,33
JN39	100	17,88
JN40	69	11,86
JN41	77	1,00
JN42	9	1,74
JN43	84	18,90
JN44	77	10,24
JN45	2	0,03
JN46	33	0,07
JN47	19	2,74
JN48	77	10,86
JN49	87	16,67
JN50	99	20,52
JN51	25	5,04
JN52	74	12,38
JN53	50	7,34
JN54	91	9,03
JN55	68	1,11
JN56	79	2,17
JN57	96	15,87
JN58	10	0,93
JN59	21	0,73
JN60	10	2,43
JN61	90	5,47
JN62	51	4,44
JN63	87	9,15
JN64	97	10,06
IN1	47	3,51
IN2	51	0,34
IN3	44	5,56
IN4	97	18,14
IN5	97	22,45
IN6	44	8,84
IN7	88	21,99
IN8	58	3,24
IN9	17	3,74
IN10	31	0,84
IN11	88	19,51
IN12	25	0,73
IN13	95	1,51
IN14	97	16,60
IN15	65	13,12
IN16	98	23,92
IN17	11	1,02
IN18	86	2,00
IN19	67	16,38
IN20	21	0,12
IN21	62	13,48
IN22	87	0,22
IN23	32	3,20
IN24	98	10,19
IN25	16	2,91
IN26	19	2,03
IN27	93	7,80
IN28	48	8,24
IN29	73	14,85
IN30	54	7,99
IN31	89	19,38
IN32	80	15,35
IN33	98	7,09
IN34	46	5,43
IN35	74	12,63
IN36	46	0,93
IN37	36	8,77
IN38	97	18,00
IN39	71	15,45
IN40	90	16,54
IN41	65	9,10
IN42	73	11,64
IN43	74	17,79
IN44	3	0,24
IN45	95	3,83
IN46	75	12,63
IN47	33	7,41
IN48	36	7,23
IN49	44	10,52
IN50	36	0,34
IN51	17	4,11
IN52	92	0,96
IN53	12	2,90
IN54	85	11,32
IN55	51	3,88
IN56	83	12,52
IN57	26	1,77
IN58	8	0,39
IN59	18	2,97
IN60	9	0,64
IN61	64	2,45
IN62	84	5,05
IN63	68	12,71
IN64	0	0,00
HN1	92	20,42
HN2	28	4,42
HN3	0	0,00
HN4	31	1,95
HN5	89	0,20
HN6	86	12,56
HN7	4	0,04
HN8	24	2,72
HN9	18	0,08
HN10	7	0,65
HN11	94	7,89
HN12	41	0,77
HN13	96	14,61
HN14	46	2,68
HN15	13	1,98
HN16	74	4,45
HN17	24	3,04
HN18	39	6,94
HN19	56	12,08
HN20	91	12,30
HN21	8	0,19
HN22	2	0,31
HN23	43	0,80
HN24	41	8,17
HN25	9	2,14
HN26	98	18,71
HN27	52	5,88
HN28	36	1,86
HN29	4	0,41
HN30	65	14,22
HN31	52	7,53
HN32	48	8,01
HN33	98	4,94
HN34	4	0,62
HN35	65	15,84
HN36	29	3,86
HN37	84	2,34
HN38	39	2,19
HN39	77	17,52
HN40	15	0,78
HN41	82	9,77
HN42	14	0,63
HN43	53	0,53
HN44	62	13,57
HN45	58	2,73
HN46	48	6,88
HN47	47	6,95
HN48	15	0,90
HN49	29	4,79
HN50	19	4,53
HN51	62	8,58
HN52	93	11,48
HN53	63	0,36
HN54	82	3,43
HN55	13	1,36
HN56	93	17,25
HN57	16	2,12
HN58	3	0,29
HN59	49	8,06
HN60	19	4,30
HN61	33	7,42
HN62	86	11,80
HN63	12	0,46
HN64	71	9,54
GN1	73	17,60
GN2	80	11,21
GN3	96	9,98
GN4	54	3,33
GN5	76	13,60
GN6	74	4,09
GN7	96	8,08
GN8	84	5,90
GN9	64	6,07
GN10	96	5,52
GN11	96	19,53
GN12	23	2,80
GN13	46	9,21
GN14	13	2,31
GN15	95	10,42
GN16	96	4,58
GN17	55	13,23
GN18	88	14,16
GN19	69	16,00
GN20	11	1,71
GN21	19	4,66
GN22	42	10,14
GN23	5	1,02
GN24	5	0,37
GN25	22	2,39
GN26	24	3,47
GN27	18	1,55
GN28	0	0,00
GN29	84	6,67
GN30	88	5,83
GN31	100	4,78
GN32	44	2,07
GN33	1	0,10
GN34	63	7,44
GN35	31	1,34
GN36	89	21,71
GN37	30	1,06
GN38	15	0,30
GN39	8	1,16
GN40	10	1,34
GN41	2	0,29
GN42	19	3,27
GN43	9	0,55
GN44	80	20,00
GN45	98	7,53
GN46	28	3,96
GN47	33	8,06
GN48	3	0,63
GN49	17	1,54
GN50	12	0,66
GN51	58	4,77
GN52	87	5,10
GN53	92	18,86
GN54	83	12,91
GN55	76	2,50
GN56	56	2,32
GN57	11	1,54
GN58	39	3,83
GN59	84	9,79
GN60	93	1,81
GN61	13	0,70
GN62	93	16,28
GN63	97	6,32
GN64	61	13,96
FN1	64	6,11
FN2	5	0,50
FN3	73	13,70
FN4	39	0,19
FN5	29	2,66
FN6	57	11,37
FN7	37	5,21
FN8	61	11,94
FN9	8	1,60
FN10	86	14,22
FN11	54	2,15
FN12	67	1,62
FN13	0	0,00
FN14	10	0,79
FN15	78	15,85
FN16	38	4,53
FN17	84	20,17
FN18	16	1,69
FN19	66	4,24
FN20	13	0,97
FN21	39	4,00
FN22	83	14,91
FN23	4	0,46
FN24	10	2,27
FN25	90	7,80
FN26	43	0,32
FN27	79	17,40
FN28	33	2,46
FN29	50	8,84
FN30	44	1,99
FN31	8	1,91
FN32	45	9,70
FN33	27	5,01
FN34	61	11,95
FN35	52	1,69
FN36	20	0,53
FN37	4	0,07
FN38	32	5,17
FN39	45	3,77
FN40	33	3,12
FN41	42	2,79
FN42	19	1,85
FN43	17	1,10
FN44	18	2,59
FN45	17	0,27
FN46	19	4,71
FN47	24	0,79
FN48	86	7,85
FN49	24	0,08
FN50	3	0,24
FN51	21	1,67
FN52	74	14,70
FN53	53	3,98
FN54	53	3,00
FN55	13	0,76
FN56	38	1,55
FN57	21	0,39
FN58	97	15,42
FN59	66	10,09
FN60	59	12,23
FN61	74	8,35
FN62	76	17,25
FN63	70	5,47
FN64	94	1,82
EN1	60	14,36
EN2	69	2,03
EN3	35	3,02
EN4	55	4,89
EN5	93	20,85
EN6	14	0,74
EN7	28	5,73
EN8	25	0,71
EN9	7	1,22
EN10	87	15,04
EN11	98	0,44
EN12	99	2,89
EN13	18	4,16
EN14	89	7,43
EN15	25	4,61
EN16	20	2,08
EN17	93	4,13
EN18	7	0,94
EN19	10	1,07
EN20	17	1,20
EN21	86	13,39
EN22	91	3,86
EN23	23	3,52
EN24	44	1,58
EN25	82	8,96
EN26	6	0,57
EN27	80	7,22
EN28	3	0,08
EN29	9	1,92
EN30	11	1,19
EN31	73	8,82
EN32	44	8,98
EN33	77	19,14
EN34	73	14,73
EN35	48	3,69
EN36	11	1,32
EN37	17	0,01
EN38	47	8,03
EN39	27	5,31
EN40	37	2,95
EN41	76	8,88
EN42	39	6,45
EN43	5	1,01
EN44	67	5,27
EN45	44	3,80
EN46	88	19,57
EN47	82	7,38
EN48	38	1,10
EN49	28	0,06
EN50	60	11,84
EN51	58	3,90
EN52	44	8,20
EN53	88	5,44
EN54	72	9,66
EN55	29	0,37
EN56	26	2,51
EN57	50	4,32
EN58	33	6,27
EN59	92	6,43
EN60	26	4,49
EN61	60	8,26
EN62	84	8,17
EN63	34	5,55
EN64	60	1,42
DN1	100	10,93
DN2	46	3,57
DN3	20	4,45
DN4	55	3,58
DN5	99	20,45
DN6	95	9,28
DN7	68	1,76
DN8	87	4,96
DN9	35	0,37
DN10	79	12,03
DN11	98	7,73
DN12	68	16,02
DN13	95	9,07
DN14	96	8,72
DN15	68	3,15
DN16	2	0,36
DN17	87	15,52
DN18	94	14,80
DN19	43	10,55
DN20	32	5,43
DN21	77	3,61
DN22	66	7,35
DN23	4	0,18
DN24	62	11,36
DN25	14	3,48
DN26	18	0,89
DN27	5	1,22
DN28	56	2,80
DN29	53	1,45
DN30	75	8,49
DN31	70	3,76
DN32	52	6,42
DN33	54	11,65
DN34	61	7,92
DN35	62	3,80
DN36	35	2,06
DN37	81	2,41
DN38	16	2,37
DN39	25	1,23
DN40	64	9,63
DN41	61	10,27
DN42	47	3,03
DN43	29	1,01
DN44	38	4,54
DN45	44	3,97
DN46	19	1,03
DN47	73	12,15
DN48	27	4,25
DN49	93	3,39
DN50	66	7,41
DN51	33	1,05
DN52	74	7,71
DN53	41	2,62
DN54	75	10,40
DN55	26	5,98
DN56	17	2,45
DN57	11	0,48
DN58	38	7,90
DN59	75	14,71
DN60	75	7,90
DN61	17	0,05
DN62	94	13,72
DN63	10	0,47
DN64	15	0,80
CN1	85	9,92
CN2	70	6,87
CN3	65	6,34
CN4	84	14,26
CN5	94	5,38
CN6	71	9,12
CN7	18	3,59
CN8	95	14,00
CN9	11	0,90
CN10	52	2,43
CN11	36	6,49
CN12	49	10,71
CN13	76	8,94
CN14	16	2,10
CN15	76	10,57
CN16	81	3,43
CN17	16	0,23
CN18	3	0,56
CN19	48	10,61
CN20	51	9,19
CN21	47	11,36
CN22	95	17,29
CN23	28	5,67
CN24	82	7,19
CN25	81	16,68
CN26	85	12,82
CN27	44	3,07
CN28	7	1,27
CN29	83	17,88
CN30	66	8,15
CN31	33	7,35
CN32	94	8,75
CN33	92	21,44
CN34	18	3,76
CN35	23	0,16
CN36	51	10,23
CN37	31	4,89
CN38	40	6,35
CN39	15	3,47
CN40	43	9,10
CN41	55	11,99
CN42	98	12,86
CN43	41	4,73
CN44	66	9,65
CN45	48	7,20
CN46	61	1,07
CN47	39	2,11
CN48	9	0,93
CN49	85	12,73
CN50	79	11,98
CN51	45	5,63
CN52	23	3,54
CN53	92	16,08
CN54	5	1,18
CN55	79	12,79
CN56	23	1,58
CN57	54	11,55
CN58	72	10,22
CN59	19	0,18
CN60	55	9,89
CN61	8	1,72
CN62	57	5,32
CN63	15	3,22
CN64	74	10,56
BN1	4	0,56
BN2	80	16,66
BN3	86	13,56
BN4	62	3,31
BN5	60	10,53
BN6	82	4,69
BN7	84	2,50
BN8	33	7,43
BN9	16	2,10
BN10	61	13,68
BN11	82	2,42
BN12	36	7,51
BN13	83	9,04
BN14	21	3,64
BN15	30	1,15
BN16	92	9,77
BN17	0	0,00
BN18	6	0,76
BN19	31	0,01
BN20	49	5,81
BN21	70	1,59
BN22	88	10,39
BN23	82	6,86
BN24	80	6,77
BN25	65	3,37
BN26	61	7,11
BN27	60	9,88
BN28	42	1,31
BN29	30	3,84
BN30	17	3,69
BN31	26	0,10
BN32	100	17,09
BN33	67	10,67
BN34	16	3,32
BN35	25	4,74
BN36	97	15,31
BN37	51	9,67
BN38	6	0,22
BN39	47	10,78
BN40	90	17,22
BN41	45	5,93
BN42	78	12,05
BN43	67	7,44
BN44	1	0,03
BN45	75	15,07
BN46	70	15,72
BN47	68	13,88
BN48	18	2,96
BN49	2	0,44
BN50	69	4,91
BN51	99	3,25
BN52	31	2,70
BN53	68	11,94
BN54	59	3,85
BN55	4	0,98
BN56	63	8,64
BN57	83	3,24
BN58	18	2,46
BN59	96	0,47
BN60	88	20,79
BN61	38	5,81
BN62	48	3,61
BN63	28	0,71
BN64	9	2,07
AN1	58	0,96
AN2	67	6,13
AN3	44	7,11
AN4	95	20,00
AN5	36	2,98
AN6	80	17,41
AN7	80	11,94
AN8	19	3,86
AN9	20	0,40
AN10	66	2,22
AN11	58	1,10
AN12	37	0,80
AN13	35	2,28
AN14	14	2,45
AN15	94	15,20
AN16	98	15,93
AN17	44	9,97
AN18	61	6,02
AN19	87	12,32
AN20	81	11,35
AN21	84	19,30
AN22	37	5,79
AN23	31	2,20
AN24	92	9,61
AN25	73	16,07
AN26	94	14,85
AN27	70	14,00
AN28	10	2,13
AN29	79	8,72
AN30	3	0,12
AN31	15	1,25
AN32	8	0,26
AN33	29	1,70
AN34	54	12,88
AN35	93	0,52
AN36	89	20,25
AN37	91	15,89
AN38	45	8,69
AN39	18	0,70
AN40	98	21,58
AN41	64	8,66
AN42	59	10,66
AN43	73	12,31
AN44	12	1,04
AN45	50	11,72
AN46	59	10,70
AN47	68	6,30
AN48	75	17,76
AN49	93	19,63
AN50	68	7,44
AN51	72	6,49
AN52	15	2,00
AN53	72	1,91
AN54	30	1,13
AN55	38	0,91
AN56	58	10,23
AN57	81	5,51
AN58	27	2,94
AN59	7	0,42
AN60	53	11,13
AN61	76	4,81
AN62	5	0,98
AN63	67	5,58
AN64	51	4,44
BS1	74	2,64
BS2	22	1,18
BS3	23	1,10
BS4	60	9,58
BS5	39	6,48
BS6	81	13,81
BS7	4	0,54
BS8	100	16,24
BS9	99	21,10
BS10	84	9,05
BS11	17	1,34
BS12	78	18,59
BS13	71	11,24
BS14	80	11,30
BS15	87	11,88
BS16	94	6,59
BS17	65	1,10
BS18	61	13,74
BS19	73	11,84
BS20	75	16,45
BS21	10	0,04
BS22	53	11,26
BS23	97	7,89
BS24	3	0,31
BS25	44	10,96
BS26	75	2,60
BS27	9	0,36
BS28	27	0,77
BS29	87	21,29
BS30	92	9,67
BS31	36	2,64
BS32	62	9,40
BS33	16	3,09
BS34	99	6,31
BS35	58	5,18
BS36	19	1,32
BS37	90	13,31
BS38	70	11,51
BS39	47	1,61
BS40	38	2,36
BS41	12	0,69
BS42	40	2,74
BS43	41	1,27
BS44	77	15,91
BS45	28	1,09
BS46	43	3,99
BS47	36	3,23
BS48	71	17,65
BS49	76	11,09
BS50	19	0,82
BS51	94	14,13
BS52	67	12,14
BS53	100	10,96
BS54	61	8,93
BS55	0	0,00
BS56	34	0,11
BS57	27	5,43
BS58	66	3,33
BS59	68	3,72
BS60	96	5,87
BS61	75	3,76
BS62	85	7,49
BS63	56	5,64
BS64	75	18,46
CS1	32	5,75
CS2	81	6,17
CS3	96	4,93
CS4	12	1,47
CS5	88	14,91
CS6	7	0,05
CS7	12	1,51
CS8	45	1,42
CS9	60	1,53
CS10	31	5,24
CS11	14	0,61
CS12	89	11,98
CS13	69	15,81
CS14	28	4,98
CS15	54	9,01
CS16	100	18,25
CS17	15	1,08
CS18	83	16,41
CS19	82	12,76
CS20	33	2,60
CS21	77	2,19
CS22	19	3,47
CS23	18	3,35
CS24	53	12,74
CS25	82	1,93
CS26	83	9,09
CS27	10	1,09
CS28	66	9,32
CS29	10	0,92
CS30	88	9,73
CS31	72	9,27
CS32	0	0,00
CS33	84	1,19
CS34	42	6,24
CS35	28	5,07
CS36	51	7,01
CS37	100	12,25
CS38	23	3,97
CS39	40	3,44
CS40	59	2,50
CS41	85	6,17
CS42	95	4,07
CS43	39	6,04
CS44	83	7,09
CS45	18	3,47
CS46	90	14,97
CS47	33	2,47
CS48	78	6,79
CS49	62	7,29
CS50	21	5,05
CS51	13	2,62
CS52	46	9,54
CS53	65	14,33
CS54	87	1,70
CS55	70	2,82
CS56	16	1,67
CS57	28	5,07
CS58	62	5,17
CS59	67	15,81
CS60	17	3,47
CS61	98	6,61
CS62	3	0,62
CS63	2	0,03
CS64	11	2,02
DS1	90	10,54
DS2	72	8,80
DS3	98	7,02
DS4	73	14,88
DS5	20	3,71
DS6	37	5,79
DS7	83	15,73
DS8	52	0,84
DS9	64	7,23
DS10	76	6,44
DS11	74	1,59
DS12	12	1,32
DS13	71	2,06
DS14	41	1,85
DS15	39	5,85
DS16	58	1,63
DS17	0	0,00
DS18	33	2,52
DS19	9	1,42
DS20	26	3,10
DS21	39	0,86
DS22	34	0,07
DS23	31	7,07
DS24	24	1,50
DS25	71	1,28
DS26	30	4,60
DS27	66	0,37
DS28	54	0,59
DS29	23	4,27
DS30	82	18,90
DS31	20	1,31
DS32	63	7,68
DS33	17	2,63
DS34	37	8,03
DS35	63	15,34
DS36	15	1,61
DS37	4	0,33
DS38	30	5,34
DS39	70	12,41
DS40	77	17,66
DS41	85	16,23
DS42	18	0,02
DS43	94	7,34
DS44	22	2,80
DS45	1	0,06
DS46	60	10,03
DS47	56	3,11
DS48	33	0,96
DS49	82	1,83
DS50	74	16,10
DS51	70	16,30
DS52	84	17,35
DS53	21	1,27
DS54	82	18,40
DS55	59	10,63
DS56	24	1,59
DS57	30	2,60
DS58	53	0,82
DS59	47	4,06
DS60	74	13,84
DS61	34	5,51
DS62	87	13,00
DS63	65	7,61
DS64	31	7,63
ES1	97	18,80
ES2	65	12,37
ES3	2	0,08
ES4	31	2,22
ES5	22	3,29
ES6	51	9,49
ES7	98	18,76
ES8	34	0,98
ES9	41	8,80
ES10	79	13,41
ES11	66	0,64
ES12	93	11,01
ES13	3	0,64
ES14	23	4,93
ES15	57	2,54
ES16	30	7,19
ES17	1	0,01
ES18	96	9,24
ES19	34	0,60
ES20	92	9,10
ES21	2	0,46
ES22	61	11,99
ES23	41	7,66
ES24	47	8,38
ES25	1	0,04
ES26	15	2,23
ES27	9	1,13
ES28	75	5,26
ES29	37	0,79
ES30	96	16,92
ES31	69	15,70
ES32	80	2,05
ES33	63	10,83
ES34	54	3,04
ES35	38	3,01
ES36	9	0,53
ES37	45	10,04
ES38	39	7,16
ES39	43	0,89
ES40	78	8,77
ES41	54	0,15
ES42	75	4,91
ES43	59	2,17
ES44	92	12,03
ES45	53	0,76
ES46	63	14,04
ES47	3	0,10
ES48	45	7,66
ES49	1	0,05
ES50	28	5,38
ES51	69	7,17
ES52	74	8,94
ES53	83	19,09
ES54	8	0,58
ES55	80	4,02
ES56	68	0,27
ES57	43	3,15
ES58	29	4,18
ES59	74	14,13
ES60	74	9,07
ES61	24	5,17
ES62	16	3,10
ES63	26	3,78
ES64	50	4,19
FS1	22	3,88
FS2	13	1,55
FS3	87	2,82
FS4	41	5,59
FS5	46	3,67
FS6	78	8,60
FS7	5	0,80
FS8	24	2,85
FS9	21	3,04
FS10	45	10,96
FS11	74	0,92
FS12	74	7,21
FS13	98	7,84
FS14	47	8,03
FS15	64	15,20
FS16	94	21,99
FS17	100	2,39
FS18	75	16,58
FS19	81	0,67
FS20	28	1,79
FS21	44	7,35
FS22	73	13,83
FS23	88	4,27
FS24	90	17,23
FS25	87	18,43
FS26	62	5,99
FS27	82	1,95
FS28	61	9,50
FS29	27	1,39
FS30	32	0,02
FS31	65	6,73
FS32	75	11,33
FS33	45	1,78
FS34	20	1,41
FS35	28	5,53
FS36	93	14,23
FS37	38	7,47
FS38	70	2,84
FS39	71	12,51
FS40	12	0,39
FS41	91	15,47
FS42	46	6,44
FS43	95	7,82
FS44	85	18,47
FS45	68	14,75
FS46	93	11,93
FS47	58	7,06
FS48	88	9,29
FS49	44	8,53
FS50	33	4,54
FS51	51	8,13
FS52	70	1,37
FS53	44	9,62
FS54	62	10,78
FS55	21	4,49
FS56	51	12,31
FS57	69	8,03
FS58	88	5,37
FS59	7	0,73
FS60	73	8,51
FS61	86	15,96
FS62	75	8,71
FS63	66	11,62
FS64	21	1,61
GS1	78	18,99
GS2	6	0,86
GS3	9	1,32
GS4	16	3,68
GS5	29	2,05
GS6	40	7,72
GS7	0	0,00
GS8	67	10,11
GS9	52	1,82
GS10	68	12,43
GS11	72	11,33
GS12	0	0,00
GS13	16	1,09
GS14	96	21,10
GS15	31	4,99
GS16	40	5,64
GS17	95	5,52
GS18	47	9,33
GS19	98	19,60
GS20	97	2,60
GS21	35	3,82
GS22	0	0,00
GS23	25	4,28
GS24	61	7,88
GS25	93	21,82
GS26	72	4,94
GS27	5	0,17
GS28	93	17,44
GS29	53	9,33
GS30	17	2,57
GS31	88	17,11
GS32	57	8,86
GS33	89	12,40
GS34	71	6,21
GS35	68	12,36
GS36	81	5,13
GS37	0	0,00
GS38	62	0,13
GS39	47	7,91
GS40	96	10,75
GS41	69	11,57
GS42	76	16,28
GS43	30	5,96
GS44	93	1,14
GS45	80	5,88
GS46	86	12,88
GS47	48	7,85
GS48	93	10,10
GS49	18	3,72
GS50	78	6,98
GS51	63	6,19
GS52	87	2,55
GS53	7	1,04
GS54	21	5,11
GS55	18	0,73
GS56	60	14,48
GS57	13	0,03
GS58	72	14,93
GS59	75	16,46
GS60	74	14,65
GS61	24	2,40
GS62	95	22,67
GS63	31	7,09
GS64	35	0,56
HS1	32	7,30
HS2	13	2,56
HS3	79	8,48
HS4	28	1,05
HS5	20	0,68
HS6	7	0,02
HS7	92	11,47
HS8	16	3,79
HS9	17	1,32
HS10	77	17,55
HS11	94	6,01
HS12	10	2,15
HS13	70	17,05
HS14	15	0,60
HS15	14	2,23
HS16	70	16,43
HS17	30	0,38
HS18	4	0,46
HS19	25	1,87
HS20	13	1,92
HS21	62	5,33
HS22	79	5,73
HS23	89	13,56
HS24	1	0,12
HS25	51	5,54
HS26	69	0,95
HS27	55	7,40
HS28	92	9,07
HS29	80	18,80
HS30	51	1,36
HS31	21	2,73
HS32	19	1,36
HS33	40	0,15
HS34	96	15,46
HS35	30	1,73
HS36	50	7,74
HS37	70	15,56
HS38	23	0,66
HS39	12	1,23
HS40	99	18,15
HS41	65	1,76
HS42	15	2,51
HS43	45	7,62
HS44	99	7,28
HS45	83	20,26
HS46	61	4,90
HS47	25	2,44
HS48	54	3,27
HS49	34	4,44
HS50	45	8,93
HS51	34	3,05
HS52	93	1,22
HS53	100	1,87
HS54	90	13,71
HS55	25	1,84
HS56	65	2,24
HS57	17	1,24
HS58	22	3,92
HS59	41	5,36
HS60	19	4,72
HS61	68	3,24
HS62	5	1,18
HS63	11	1,50
HS64	13	0,44
IS1	40	4,40
IS2	29	6,32
IS3	24	3,44
IS4	1	0,02
IS5	2	0,39
IS6	34	7,44
IS7	72	3,68
IS8	37	6,03
IS9	65	1,04
IS10	85	3,10
IS11	3	0,63
IS12	32	0,44
IS13	41	1,86
IS14	61	14,63
IS15	30	3,23
IS16	92	10,30
IS17	13	0,78
IS18	5	1,00
IS19	72	10,33
IS20	49	7,98
IS21	47	5,79
IS22	95	3,18
IS23	68	13,42
IS24	86	7,16
IS25	87	11,83
IS26	48	2,97
IS27	29	1,97
IS28	23	0,33
IS29	100	0,09
IS30	53	1,61
IS31	23	0,87
IS32	36	8,57
IS33	94	5,45
IS34	83	10,57
IS35	98	15,50
IS36	26	4,27
IS37	25	0,76
IS38	70	6,46
IS39	31	1,04
IS40	50	11,00
IS41	79	6,13
IS42	74	5,46
IS43	32	6,24
IS44	78	5,61
IS45	54	7,10
IS46	68	2,98
IS47	36	2,71
IS48	18	2,36
IS49	25	0,46
IS50	53	1,91
IS51	43	6,04
IS52	8	0,00
IS53	96	18,42
IS54	47	11,13
IS55	86	12,55
IS56	17	2,54
IS57	73	15,61
IS58	23	0,62
IS59	83	0,45
IS60	94	17,16
IS61	79	13,42
IS62	79	15,24
IS63	3	0,48
IS64	7	0,23
JS1	63	0,50
JS2	23	4,68
JS3	73	7,16
JS4	14	1,65
JS5	8	0,58
JS6	14	2,55
JS7	94	3,25
JS8	96	6,92
JS9	25	3,45
JS10	33	7,86
JS11	68	3,24
JS12	83	17,83
JS13	8	0,21
JS14	39	6,25
JS15	23	0,62
JS16	16	1,96
JS17	37	4,88
JS18	16	2,06
JS19	82	5,23
JS20	22	1,42
JS21	74	17,34
JS22	30	1,31
JS23	78	18,30
JS24	15	2,09
JS25	40	6,45
JS26	18	1,42
JS27	24	4,93
JS28	89	16,29
JS29	53	9,06
JS30	8	1,00
JS31	2	0,32
JS32	63	14,41
JS33	6	0,67
JS34	71	11,30
JS35	31	7,53
JS36	86	11,13
JS37	12	2,00
JS38	83	19,25
JS39	64	5,23
JS40	28	0,43
JS41	52	9,80
JS42	65	0,49
JS43	77	0,85
JS44	89	19,60
JS45	77	9,52
JS46	36	1,81
JS47	93	7,41
JS48	88	18,27
JS49	74	13,44
JS50	4	0,59
JS51	92	19,61
JS52	4	0,47
JS53	41	5,81
JS54	94	9,34
JS55	4	1,00
JS56	45	1,93
JS57	44	4,45
JS58	48	3,38
JS59	57	11,35
JS60	15	1,90
JS61	84	12,98
JS62	75	11,38
JS63	91	10,28
JS64	96	11,02
KS1	89	15,28
KS2	87	1,33
KS3	15	0,76
KS4	93	12,64
KS5	49	11,84
KS6	23	4,72
KS7	41	7,32
KS8	60	8,45
KS9	34	0,62
KS10	42	10,08
KS11	32	3,96
KS12	66	7,88
KS13	64	5,98
KS14	62	11,21
KS15	39	7,91
KS16	58	2,77
KS17	2	0,33
KS18	62	5,14
KS19	7	0,05
KS20	2	0,06
KS21	6	0,98
KS22	16	1,26
KS23	34	1,17
KS24	17	1,00
KS25	86	5,46
KS26	54	11,92
KS27	3	0,50
KS28	25	3,87
KS29	54	5,87
KS30	16	2,21
KS31	86	18,16
KS32	25	0,80
KS33	25	2,60
KS34	89	6,24
KS35	46	5,24
KS36	52	3,56
KS37	62	11,71
KS38	46	4,94
KS39	33	1,66
KS40	65	7,33
KS41	95	1,12
KS42	50	4,85
KS43	23	0,07
KS44	77	15,67
KS45	60	5,12
KS46	17	0,85
KS47	44	1,80
KS48	8	0,59
KS49	30	5,46
KS50	34	3,81
KS51	80	7,36
KS52	95	1,17
KS53	74	14,29
KS54	100	16,54
KS55	23	3,42
KS56	48	1,34
KS57	97	18,43
KS58	7	1,35
KS59	77	9,44
KS60	38	3,79
KS61	89	20,19
KS62	93	16,22
KS63	12	2,60
KS64	81	1,00
LS1	52	11,66
LS2	79	14,47
LS3	81	14,62
LS4	4	0,87
LS5	32	1,85
LS6	68	8,28
LS7	98	19,90
LS8	96	1,07
LS9	53	0,46
LS10	54	1,62
LS11	85	16,44
LS12	66	6,00
LS13	39	0,22
LS14	86	2,05
LS15	98	5,07
LS16	25	0,82
LS17	39	3,88
LS18	73	3,55
LS19	86	2,06
LS20	2	0,21
LS21	11	1,38
LS22	74	6,68
LS23	19	1,43
LS24	41	7,48
LS25	54	13,40
LS26	40	9,59
LS27	71	12,85
LS28	98	20,71
LS29	8	0,69
LS30	36	2,38
LS31	90	1,60
LS32	22	5,07
LS33	8	0,72
LS34	10	1,20
LS35	80	18,69
LS36	91	14,63
LS37	13	0,82
LS38	98	5,33
LS39	3	0,13
LS40	35	8,23
LS41	1	0,22
LS42	91	7,19
LS43	50	3,79
LS44	67	7,26
LS45	62	6,29
LS46	37	8,81
LS47	48	9,79
LS48	79	7,27
LS49	36	2,65
LS50	54	4,77
LS51	71	0,06
LS52	38	1,70
LS53	45	0,63
LS54	47	11,15
LS55	88	0,23
LS56	99	20,29
LS57	10	2,09
LS58	97	14,87
LS59	81	8,91
LS60	42	8,05
LS61	4	0,57
LS62	14	2,01
LS63	35	8,02
LS64	83	1,40
MS1	62	9,55
MS2	72	15,15
MS3	9	1,23
MS4	63	0,13
MS5	85	13,26
MS6	30	2,86
MS7	24	1,49
MS8	64	14,04
MS9	95	22,16
MS10	84	19,59
MS11	36	3,23
MS12	47	11,00
MS13	24	2,63
MS14	65	3,86
MS15	65	15,55
MS16	24	0,31
MS17	31	3,13
MS18	29	3,62
MS19	3	0,50
MS20	73	9,53
MS21	81	4,19
MS22	62	3,57
MS23	61	9,85
MS24	55	5,64
MS25	58	8,07
MS26	16	0,60
MS27	43	9,30
MS28	4	0,18
MS29	38	1,09
MS30	33	4,25
MS31	99	11,12
MS32	24	4,38
MS33	44	10,45
MS34	96	6,62
MS35	67	6,14
MS36	9	1,58
MS37	37	5,74
MS38	77	10,72
MS39	48	3,91
MS40	60	12,84
MS41	80	1,48
MS42	89	9,32
MS43	42	0,82
MS44	62	6,37
MS45	10	2,18
MS46	40	4,43
MS47	45	11,08
MS48	34	4,40
MS49	45	6,52
MS50	100	12,67
MS51	69	15,18
MS52	31	6,36
MS53	43	4,64
MS54	85	4,15
MS55	21	4,80
MS56	36	5,08
MS57	8	1,21
MS58	39	5,25
MS59	6	0,21
MS60	37	9,02
MS61	69	12,33
MS62	51	3,45
MS63	23	1,26
MS64	41	6,51
NS1	19	1,08
NS2	100	12,79
NS3	24	3,72
NS4	18	1,04
NS5	76	14,68
NS6	17	2,91
NS7	24	1,46
NS8	17	2,13
NS9	39	3,04
NS10	60	9,91
NS11	87	7,83
NS12	48	3,60
NS13	91	7,84
NS14	97	10,63
NS15	23	1,07
NS16	48	6,99
NS17	34	2,53
NS18	10	0,76
NS19	75	7,30
NS20	7	1,16
NS21	52	4,14
NS22	25	1,13
NS23	99	3,94
NS24	44	4,12
NS25	8	1,38
NS26	30	6,59
NS27	20	1,67
NS28	64	12,38
NS29	1	0,00
NS30	27	2,01
NS31	27	3,02
NS32	64	12,70
NS33	76	5,30
NS34	40	9,30
NS35	9	0,65
NS36	51	7,68
NS37	56	12,50
NS38	71	15,14
NS39	20	4,41
NS40	98	16,72
NS41	67	6,53
NS42	39	1,69
NS43	58	7,41
NS44	36	4,18
NS45	27	4,99
NS46	35	0,61
NS47	28	4,03
NS48	53	12,77
NS49	45	7,27
NS50	80	17,74
NS51	90	18,32
NS52	10	0,50
NS53	11	0,62
NS54	67	4,73
NS55	100	11,94
NS56	65	3,24
NS57	73	1,27
NS58	38	2,06
NS59	59	10,53
NS60	54	1,56
NS61	66	8,41
NS62	93	12,68
NS63	13	1,49
NS64	8	1,10
OS1	40	5,17
OS2	5	0,25
OS3	0	0,00
OS4	57	3,68
OS5	36	3,22
OS6	6	0,50
OS7	20	4,45
OS8	97	9,08
OS9	63	11,62
OS10	78	10,70
OS11	100	3,26
OS12	83	19,97
OS13	15	2,85
OS14	64	0,21
OS15	45	10,66
OS16	84	20,17
OS17	98	14,29
OS18	41	5,75
OS19	7	1,51
OS20	31	5,65
OS21	32	1,45
OS22	41	0,23
OS23	58	1,01
OS24	4	0,16
OS25	43	1,50
OS26	77	11,78
OS27	58	3,60
OS28	20	4,18
OS29	14	2,91
OS30	41	9,62
OS31	1	0,08
OS32	37	8,28
OS33	22	4,49
OS34	21	0,76
OS35	50	3,53
OS36	96	7,27
OS37	65	10,37
OS38	60	13,09
OS39	29	4,88
OS40	45	8,75
OS41	56	9,21
OS42	75	2,78
OS43	8	0,51
OS44	39	0,69
OS45	46	9,10
OS46	45	9,80
OS47	17	0,69
OS48	51	4,93
OS49	81	8,72
OS50	21	2,44
OS51	30	5,91
OS52	40	5,23
OS53	75	0,84
OS54	5	0,32
OS55	16	3,41
OS56	48	10,59
OS57	73	4,10
OS58	21	2,42
OS59	87	8,35
OS60	47	8,45
OS61	50	1,86
OS62	53	1,28
OS63	86	18,35
OS64	50	0,07
PS1	78	12,34
PS2	89	20,05
PS3	39	7,62
PS4	99	23,72
PS5	83	1,67
PS6	93	5,31
PS7	24	3,74
PS8	28	4,79
PS9	54	10,31
PS10	44	0,50
PS11	73	13,49
PS12	33	4,58
PS13	98	23,90
PS14	88	11,56
PS15	63	10,99
PS16	98	18,20
PS17	90	14,05
PS18	37	2,91
PS19	82	1,54
PS20	1	0,23
PS21	19	4,30
PS22	67	5,73
PS23	22	1,73
PS24	42	5,00
PS25	40	6,46
PS26	50	0,83
PS27	39	0,50
PS28	35	3,44
PS29	76	17,31
PS30	40	3,15
PS31	23	3,71
PS32	100	1,63
PS33	0	0,00
PS34	45	3,13
PS35	43	4,82
PS36	49	3,35
PS37	57	13,32
PS38	64	15,35
PS39	9	1,36
PS40	33	0,76
PS41	13	2,16
PS42	11	0,61
PS43	22	5,00
PS44	86	4,16
PS45	40	5,66
PS46	50	9,23
PS47	26	2,91
PS48	74	12,05
PS49	75	13,40
PS50	17	1,79
PS51	43	4,43
PS52	19	3,26
PS53	60	11,16
PS54	13	1,78
PS55	61	9,60
PS56	8	1,59
PS57	82	0,71
PS58	87	9,84
PS59	52	12,18
PS60	84	10,07
PS61	69	14,15
PS62	16	3,14
PS63	35	5,46
PS64	34	2,58
QS1	41	0,67
QS2	49	4,85
QS3	38	6,52
QS4	90	1,86
QS5	38	6,04
QS6	35	4,03
QS7	10	1,72
QS8	20	0,37
QS9	38	8,59
QS10	23	0,09
QS11	10	1,10
QS12	47	6,45
QS13	85	10,96
QS14	73	0,04
QS15	43	8,19
QS16	41	5,44
QS17	19	2,92
QS18	53	12,46
QS19	15	3,29
QS20	5	0,66
QS21	23	1,92
QS22	85	15,22
QS23	3	0,01
QS24	73	16,51
QS25	49	10,92
QS26	90	9,83
QS27	48	11,90
QS28	85	21,02
QS29	85	0,90
QS30	90	1,66
QS31	48	7,80
QS32	62	4,80
QS33	46	1,48
QS34	93	13,26
QS35	24	5,20
QS36	51	2,80
QS37	42	3,51
QS38	94	5,97
QS39	90	2,84
QS40	22	4,89
QS41	3	0,11
QS42	98	19,76
QS43	21	2,61
QS44	57	14,15
QS45	37	2,97
QS46	38	6,07
QS47	40	7,44
QS48	0	0,00
QS49	49	1,16
QS50	71	6,69
QS51	6	0,60
QS52	73	0,11
QS53	15	1,49
QS54	55	2,53
QS55	88	6,88
QS56	25	5,33
QS57	0	0,00
QS58	51	12,14
QS59	2	0,10
QS60	50	12,14
QS61	82	13,88
QS62	86	18,24
QS63	43	4,94
QS64	40	5,80
RS1	23	3,49
RS2	35	3,85
RS3	69	6,95
RS4	7	1,70
RS5	55	9,30
RS6	5	0,66
RS7	85	12,84
RS8	62	5,52
RS9	100	14,90
RS10	84	20,32
RS11	97	3,26
RS12	36	8,78
RS13	94	2,67
RS14	52	2,01
RS15	56	11,21
RS16	45	7,71
RS17	54	7,30
RS18	30	2,63
RS19	41	4,76
RS20	54	7,76
RS21	88	0,21
RS22	51	11,93
RS23	16	3,64
RS24	10	1,59
RS25	4	0,48
RS26	26	3,97
RS27	38	5,54
RS28	59	6,03
RS29	68	8,06
RS30	93	19,78
RS31	51	10,53
RS32	90	7,30
RS33	36	4,36
RS34	67	5,91
RS35	87	1,67
RS36	61	12,25
RS37	70	14,60
RS38	92	21,04
RS39	73	12,85
RS40	2	0,23
RS41	9	1,64
RS42	60	0,87
RS43	94	21,72
RS44	95	13,06
RS45	48	0,05
RS46	51	10,65
RS47	85	9,20
RS48	37	3,65
RS49	48	11,35
RS50	47	7,00
RS51	99	1,10
RS52	48	11,18
RS53	35	2,28
RS54	90	0,46
RS55	88	17,31
RS56	28	3,11
RS57	81	2,31
RS58	95	12,53
RS59	41	5,01
RS60	39	3,58
RS61	83	16,68
RS62	29	0,90
RS63	50	12,36
RS64	42	5,46
SS1	18	1,47
SS2	93	23,15
SS3	38	5,87
SS4	47	3,42
SS5	36	7,06
SS6	31	4,25
SS7	60	9,73
SS8	17	0,99
SS9	2	0,09
SS10	46	3,04
SS11	64	13,62
SS12	74	2,67
SS13	33	5,57
SS14	35	5,24
SS15	49	3,48
SS16	14	0,17
SS17	45	1,82
SS18	42	2,31
SS19	74	15,34
SS20	83	12,48
SS21	12	0,45
SS22	41	2,23
SS23	47	10,56
SS24	73	3,12
SS25	54	12,14
SS26	29	2,81
SS27	6	0,12
SS28	58	5,70
SS29	95	20,68
SS30	42	5,13
SS31	5	0,40
SS32	97	5,19
SS33	13	0,47
SS34	43	2,96
SS35	51	6,79
SS36	63	5,64
SS37	51	10,75
SS38	85	7,09
SS39	99	7,01
SS40	87	18,55
SS41	57	13,44
SS42	49	1,23
SS43	61	6,90
SS44	1	0,15
SS45	83	4,64
SS46	27	0,66
SS47	96	10,48
SS48	12	2,95
SS49	62	6,17
SS50	14	0,75
SS51	65	10,74
SS52	14	2,68
SS53	81	15,18
SS54	20	4,73
SS55	63	12,38
SS56	95	3,07
SS57	45	9,64
SS58	11	2,11
SS59	3	0,08
SS60	55	2,19
SS61	25	1,16
SS62	25	1,66
SS63	26	1,63
SS64	17	0,33
TS1	44	5,86
TS2	9	1,02
TS3	71	3,13
TS4	26	4,70
TS5	57	6,27
TS6	48	5,92
TS7	25	1,93
TS8	22	0,11
TS9	10	2,10
TS10	29	2,51
TS11	68	3,48
TS12	88	7,99
TS13	21	1,32
TS14	54	0,92
TS15	18	4,30
TS16	25	4,12
TS17	48	11,63
TS18	41	2,07
TS19	85	5,12
TS20	43	3,84
TS21	76	11,56
TS22	99	10,66
TS23	29	3,13
TS24	75	1,13
TS25	76	9,50
TS26	52	9,09
TS27	68	16,08
TS28	87	7,87
TS29	4	0,28
TS30	65	4,15
TS31	49	5,26
TS32	44	2,33
TS33	2	0,01
TS34	8	1,04
TS35	35	0,74
TS36	58	8,86
TS37	81	3,10
TS38	27	2,40
TS39	23	4,38
TS40	9	1,29
TS41	32	1,26
TS42	90	5,54
TS43	54	2,26
TS44	32	1,36
TS45	76	4,07
TS46	56	13,03
TS47	98	16,83
TS48	77	1,54
TS49	42	3,13
TS50	97	11,04
TS51	97	2,00
TS52	59	5,65
TS53	2	0,20
TS54	42	1,17
TS55	94	8,54
TS56	48	4,39
TS57	9	0,31
TS58	54	6,73
TS59	23	4,65
TS60	4	0,87
TS61	41	6,97
TS62	11	2,65
TS63	45	1,78
TS64	37	1,81
US1	66	12,38
US2	64	13,40
US3	74	10,11
US4	82	14,61
US5	87	21,48
US6	41	3,99
US7	18	3,41
US8	84	7,41
US9	15	2,32
US10	98	23,27
US11	58	12,59
US12	63	10,32
US13	14	0,02
US14	14	2,24
US15	80	6,05
US16	27	3,22
US17	46	1,82
US18	6	0,22
US19	76	13,51
US20	6	0,78
US21	56	11,89
US22	79	6,12
US23	10	0,05
US24	24	3,63
US25	4	0,45
US26	83	17,15
US27	21	1,65
US28	53	1,72
US29	27	0,75
US30	72	1,20
US31	57	0,76
US32	37	3,68
US33	37	2,37
US34	17	0,07
US35	31	3,39
US36	63	6,26
US37	60	13,58
US38	47	5,84
US39	86	9,86
US40	24	1,92
US41	7	0,97
US42	24	1,26
US43	86	9,62
US44	97	11,13
US45	8	1,61
US46	17	3,34
US47	68	10,11
US48	100	6,02
US49	31	1,40
US50	15	3,20
US51	97	2,85
US52	83	19,63
US53	62	13,19
US54	85	3,01
US55	14	1,25
US56	56	3,21
US57	4	0,29
US58	79	0,23
US59	10	0,56
US60	97	19,16
US61	63	15,44
US62	32	1,25
US63	55	13,35
US64	63	8,23
VS1	14	2,39
VS2	69	0,78
VS3	13	0,94
VS4	59	2,52
VS5	11	1,67
VS6	95	13,02
VS7	98	7,90
VS8	76	17,46
VS9	52	4,52
VS10	9	0,73
VS11	49	0,52
VS12	31	3,72
VS13	22	0,98
VS14	36	8,53
VS15	43	0,27
VS16	32	0,75
VS17	69	10,31
VS18	91	7,25
VS19	46	5,30
VS20	54	5,69
VS21	51	11,63
VS22	99	16,76
VS23	28	4,90
VS24	19	2,76
VS25	48	8,67
VS26	85	13,17
VS27	26	3,04
VS28	68	10,63
VS29	4	0,09
VS30	1	0,17
VS31	18	0,79
VS32	20	2,09
VS33	80	2,12
VS34	32	5,40
VS35	70	10,98
VS36	6	0,58
VS37	13	1,82
VS38	98	4,13
VS39	82	11,83
VS40	98	17,07
VS41	63	1,73
VS42	60	4,94
VS43	17	1,84
VS44	54	5,36
VS45	27	2,70
VS46	34	2,44
VS47	13	1,68
VS48	62	8,12
VS49	81	4,88
VS50	40	4,61
VS51	55	0,25
VS52	99	15,57
VS53	51	10,01
VS54	63	5,64
VS55	85	18,32
VS56	24	0,78
VS57	0	0,00
VS58	98	6,65
VS59	14	1,37
VS60	40	6,69
VS61	45	6,63
VS62	82	5,42
VS63	49	9,35
VS64	47	1,53
WS1	13	0,58
WS2	22	0,27
WS3	83	11,06
WS4	19	0,94
WS5	54	3,81
WS6	39	7,61
WS7	15	3,58
WS8	34	1,43
WS9	23	3,61
WS10	61	6,86
WS11	97	22,43
WS12	77	8,62
WS13	36	0,58
WS14	3	0,30
WS15	81	10,26
WS16	18	2,06
WS17	19	3,78
WS18	66	10,28
WS19	66	6,45
WS20	78	14,76
WS21	5	0,48
WS22	83	13,67
WS23	83	10,26
WS24	47	11,34
WS25	15	0,14
WS26	51	9,12
WS27	71	5,30
WS28	35	5,36
WS29	10	0,57
WS30	67	0,17
WS31	0	0,00
WS32	77	3,93
WS33	42	10,44
WS34	71	10,43
WS35	0	0,00
WS36	27	5,31
WS37	19	4,12
WS38	98	21,74
WS39	37	6,30
WS40	11	2,56
WS41	5	0,68
WS42	19	3,74
WS43	36	4,45
WS44	7	0,77
WS45	71	16,38
WS46	15	1,65
WS47	41	2,36
WS48	60	2,97
WS49	72	5,33
WS50	34	0,71
WS51	17	4,04
WS52	28	2,33
WS53	19	4,41
WS54	21	5,24
WS55	61	10,65
WS56	94	12,55
WS57	23	1,80
WS58	19	0,67
WS59	8	0,37
WS60	38	4,34
WS61	89	17,46
WS62	56	5,53
WS63	39	8,69
WS64	28	1,66
XS1	97	5,15
XS2	53	1,57
XS3	77	8,29
XS4	27	5,42
XS5	100	19,23
XS6	99	15,23
XS7	89	15,55
XS8	58	0,50
XS9	22	4,42
XS10	34	2,24
XS11	62	2,73
XS12	25	0,28
XS13	45	10,96
XS14	12	1,26
XS15	2	0,14
XS16	21	3,11
XS17	90	19,66
XS18	73	14,85
XS19	53	7,30
XS20	78	6,07
XS21	27	2,44
XS22	8	1,81
XS23	4	0,88
XS24	80	12,80
XS25	34	7,31
XS26	46	8,70
XS27	49	9,60
XS28	55	5,57
XS29	77	15,63
XS30	5	0,20
XS31	27	0,42
XS32	23	3,96
XS33	10	1,09
XS34	56	3,62
XS35	56	1,54
XS36	68	1,43
XS37	24	4,98
XS38	87	10,87
XS39	77	3,08
XS40	54	8,01
XS41	94	7,43
XS42	83	17,06
XS43	25	4,39
XS44	4	0,29
XS45	86	17,41
XS46	5	1,08
XS47	31	3,01
XS48	96	11,23
XS49	41	7,78
XS50	100	12,09
XS51	61	7,11
XS52	97	9,83
XS53	91	22,72
XS54	84	9,01
XS55	67	14,71
XS56	41	6,95
XS57	82	12,48
XS58	100	14,98
XS59	47	9,40
XS60	85	0,30
XS61	61	9,00
XS62	96	13,58
XS63	29	3,37
XS64	26	6,00
YS1	31	6,50
YS2	64	0,71
YS3	63	10,05
YS4	54	8,34
YS5	13	1,83
YS6	34	4,44
YS7	68	2,64
YS8	0	0,00
YS9	51	11,75
YS10	44	9,54
YS11	90	8,80
YS12	45	3,87
YS13	62	3,19
YS14	15	2,31
YS15	24	2,94
YS16	35	2,71
YS17	89	11,79
YS18	64	11,50
YS19	36	5,46
YS20	57	9,62
YS21	12	1,30
YS22	57	11,51
YS23	28	1,96
YS24	69	2,17
YS25	74	6,41
YS26	53	8,11
YS27	27	3,03
YS28	18	2,65
YS29	11	0,96
YS30	24	5,03
YS31	47	4,82
YS32	7	0,92
YS33	65	0,41
YS34	63	12,88
YS35	31	2,56
YS36	78	14,52
YS37	67	11,42
YS38	62	6,20
YS39	99	17,27
YS40	19	1,50
YS41	56	7,84
YS42	36	8,62
YS43	33	2,41
YS44	34	4,81
YS45	54	13,03
YS46	28	6,90
YS47	4	0,00
YS48	79	3,69
YS49	97	14,73
YS50	27	4,10
YS51	65	15,66
YS52	33	2,97
YS53	88	15,12
YS54	99	9,24
YS55	67	1,26
YS56	70	5,07
YS57	87	11,44
YS58	89	21,33
YS59	52	2,73
YS60	65	13,53
YS61	15	2,78
YS62	33	7,63
YS63	81	16,45
YS64	40	8,49
ZS1	41	1,75
ZS2	85	7,49
ZS3	52	10,14
ZS4	73	11,38
ZS5	66	14,44
ZS6	96	2,98
ZS7	16	3,83
ZS8	72	1,57
ZS9	49	8,71
ZS10	87	16,42
ZS11	79	11,20
ZS12	41	7,52
ZS13	40	0,13
ZS14	73	0,96
ZS15	43	4,12
ZS16	7	1,64
ZS17	59	0,15
ZS18	54	6,19
ZS19	36	2,80
ZS20	17	4,10
ZS21	67	10,55
ZS22	54	9,74
ZS23	66	8,06
ZS24	46	3,35
ZS25	67	5,47
ZS26	24	3,56
ZS27	18	3,79
ZS28	2	0,37
ZS29	22	3,02
ZS30	46	5,22
ZS31	6	0,55
ZS32	6	1,22
ZS33	2	0,19
ZS34	62	3,75
ZS35	49	2,24
ZS36	0	0,00
ZS37	4	0,85
ZS38	35	6,54
ZS39	45	8,33
ZS40	5	0,64
ZS41	19	0,39
ZS42	21	1,12
ZS43	50	1,72
ZS44	20	2,97
ZS45	11	2,02
ZS46	36	2,67
ZS47	1	0,23
ZS48	19	2,76
ZS49	48	4,19
ZS50	41	8,24
ZS51	80	3,27
ZS52	64	9,49
ZS53	54	8,34
ZS54	84	2,56
ZS55	38	0,91
ZS56	11	0,85
ZS57	74	17,89
ZS58	74	1,57
ZS59	72	11,66
ZS60	50	9,38
ZS61	20	3,30
ZS62	44	10,64
ZS63	92	21,91
ZS64	47	11,48
AAS1	25	2,15
AAS2	16	2,10
AAS3	74	16,99
AAS4	52	11,22
AAS5	51	7,47
AAS6	64	6,75
AAS7	74	4,29
AAS8	30	0,22
AAS9	6	0,82
AAS10	85	0,57
AAS11	52	7,43
AAS12	56	8,77
AAS13	3	0,43
AAS14	93	10,20
AAS15	7	1,32
AAS16	36	0,22
AAS17	1	0,02
AAS18	63	10,43
AAS19	28	6,80
AAS20	59	7,92
AAS21	25	2,57
AAS22	24	1,09
AAS23	79	3,57
AAS24	19	0,35
AAS25	33	2,19
AAS26	23	3,89
AAS27	54	13,41
AAS28	70	2,47
AAS29	38	2,68
AAS30	57	5,53
AAS31	22	1,85
AAS32	20	4,06
AAS33	58	2,26
AAS34	68	9,73
AAS35	34	3,17
AAS36	81	5,31
AAS37	25	5,68
AAS38	71	12,19
AAS39	73	17,68
AAS40	9	0,21
AAS41	21	1,65
AAS42	78	6,32
AAS43	77	4,24
AAS44	20	0,34
AAS45	71	15,53
AAS46	59	7,96
AAS47	47	2,77
AAS48	27	6,51
AAS49	20	4,97
AAS50	47	0,46
AAS51	2	0,29
AAS52	12	0,32
AAS53	74	5,94
AAS54	78	14,75
AAS55	42	3,61
AAS56	23	3,48
AAS57	26	2,95
AAS58	33	5,07
AAS59	64	1,08
AAS60	93	15,72
AAS61	72	7,44
AAS62	87	16,42
AAS63	66	1,02
AAS64	97	6,92
ABS1	86	10,54
ABS2	74	4,01
ABS3	42	0,20
ABS4	57	2,30
ABS5	11	0,63
ABS6	1	0,00
ABS7	34	0,67
ABS8	85	11,44
ABS9	94	9,49
ABS10	32	4,89
ABS11	30	4,59
ABS12	63	2,89
ABS13	62	14,97
ABS14	83	7,39
ABS15	89	9,26
ABS16	67	1,34
ABS17	99	24,29
ABS18	69	11,87
ABS19	23	5,26
ABS20	78	13,93
ABS21	78	12,11
ABS22	30	0,89
ABS23	45	4,06
ABS24	66	3,36
ABS25	99	5,85
ABS26	74	13,23
ABS27	56	12,55
ABS28	64	8,05
ABS29	32	4,46
ABS30	53	2,54
ABS31	53	8,41
ABS32	72	11,68
ABS33	26	6,18
ABS34	88	2,94
ABS35	87	16,21
ABS36	54	6,08
ABS37	82	12,14
ABS38	38	5,37
ABS39	30	5,72
ABS40	23	1,10
ABS41	43	3,12
ABS42	94	22,65
ABS43	96	2,18
ABS44	22	4,35
ABS45	43	5,53
ABS46	46	10,78
ABS47	28	6,01
ABS48	8	0,92
ABS49	80	0,38
ABS50	79	2,30
ABS51	47	11,38
ABS52	95	5,19
ABS53	97	4,83
ABS54	84	7,66
ABS55	95	6,94
ABS56	81	14,04
ABS57	94	2,39
ABS58	75	3,34
ABS59	58	8,89
ABS60	25	1,89
ABS61	23	3,99
ABS62	57	1,94
ABS63	84	19,81
ABS64	9	1,11
ACS1	41	7,17
ACS2	42	5,00
ACS3	35	3,73
ACS4	46	9,72
ACS5	60	14,31
ACS6	98	7,11
ACS7	14	0,10
ACS8	89	16,62
ACS9	79	17,02
ACS10	46	5,50
ACS11	3	0,53
ACS12	65	0,54
ACS13	33	0,96
ACS14	98	11,69
ACS15	56	9,67
ACS16	90	6,16
ACS17	32	3,38
ACS18	48	10,10
ACS19	32	7,72
ACS20	59	7,35
ACS21	89	10,32
ACS22	25	0,52
ACS23	38	7,96
ACS24	34	7,76
ACS25	17	3,76
ACS26	8	1,33
ACS27	8	1,93
ACS28	7	1,19
ACS29	41	5,04
ACS30	87	17,69
ACS31	68	15,74
ACS32	2	0,03
ACS33	84	6,94
ACS34	65	12,24
ACS35	53	10,03
ACS36	48	1,20
ACS37	1	0,18
ACS38	58	2,23
ACS39	23	3,87
ACS40	35	7,64
ACS41	21	3,18
ACS42	50	11,99
ACS43	46	3,98
ACS44	44	4,36
ACS45	63	2,11
ACS46	15	1,55
ACS47	61	13,64
ACS48	61	10,89
ACS49	56	4,81
ACS50	44	9,89
ACS51	17	3,54
ACS52	14	1,03
ACS53	57	7,12
ACS54	15	0,99
ACS55	42	9,98
ACS56	77	8,78
ACS57	17	2,47
ACS58	91	13,91
ACS59	33	0,74
ACS60	60	12,41
ACS61	2	0,39
ACS62	28	6,74
ACS63	76	9,42
ACS64	71	13,76
ADS1	57	14,16
ADS2	12	2,89
ADS3	60	4,88
ADS4	64	7,40
ADS5	99	12,22
ADS6	14	2,47
ADS7	27	3,48
ADS8	35	5,13
ADS9	50	0,46
ADS10	10	2,17
ADS11	1	0,04
ADS12	91	22,46
ADS13	68	13,49
ADS14	83	16,24
ADS15	43	9,17
ADS16	36	1,46
ADS17	9	1,18
ADS18	26	3,88
ADS19	41	9,27
ADS20	76	5,52
ADS21	18	2,12
ADS22	99	11,46
ADS23	94	16,20
ADS24	37	6,13
ADS25	98	9,89
ADS26	12	2,40
ADS27	29	3,72
ADS28	98	9,76
ADS29	90	6,04
ADS30	16	3,25
ADS31	26	4,60
ADS32	70	1,48
ADS33	12	2,31
ADS34	30	7,34
ADS35	97	22,83
ADS36	76	7,37
ADS37	16	0,66
ADS38	48	10,35
ADS39	89	19,73
ADS40	20	4,31
ADS41	76	7,50
ADS42	69	8,81
ADS43	94	2,21
ADS44	23	0,32
ADS45	1	0,13
ADS46	0	0,00
ADS47	66	2,48
ADS48	74	11,54
ADS49	63	4,59
ADS50	73	9,56
ADS51	76	16,37
ADS52	65	7,37
ADS53	98	6,84
ADS54	46	2,48
ADS55	28	2,33
ADS56	20	4,31
ADS57	51	1,22
ADS58	97	4,37
ADS59	90	9,71
ADS60	78	13,17
ADS61	34	4,33
ADS62	2	0,15
ADS63	93	4,24
ADS64	33	3,96
AES1	62	4,56
AES2	38	1,63
AES3	29	1,55
AES4	42	5,22
AES5	45	1,51
AES6	35	8,26
AES7	54	4,75
AES8	57	7,14
AES9	38	5,42
AES10	21	2,60
AES11	69	16,64
AES12	91	17,33
AES13	71	9,98
AES14	21	4,10
AES15	24	3,67
AES16	76	7,71
AES17	81	16,31
AES18	25	5,06
AES19	86	20,32
AES20	87	13,30
AES21	46	5,38
AES22	20	3,49
AES23	82	15,06
AES24	52	11,15
AES25	19	2,35
AES26	73	17,03
AES27	41	2,18
AES28	1	0,24
AES29	10	0,29
AES30	50	7,32
AES31	39	7,56
AES32	42	8,53
AES33	19	2,99
AES34	44	3,29
AES35	71	6,71
AES36	36	7,10
AES37	85	18,51
AES38	69	16,61
AES39	69	12,10
AES40	42	2,65
AES41	30	2,24
AES42	61	6,27
AES43	2	0,21
AES44	24	1,24
AES45	100	19,25
AES46	0	0,00
AES47	40	6,02
AES48	21	0,24
AES49	20	2,81
AES50	64	9,97
AES51	19	1,92
AES52	19	1,40
AES53	89	8,37
AES54	58	9,35
AES55	69	16,07
AES56	30	5,10
AES57	81	6,91
AES58	87	17,32
AES59	17	0,72
AES60	34	1,79
AES61	66	4,00
AES62	55	9,52
AES63	78	9,73
AES64	8	1,70
AFS1	71	6,91
AFS2	76	12,11
AFS3	31	2,88
AFS4	96	2,26
AFS5	51	8,75
AFS6	11	0,44
AFS7	15	0,69
AFS8	23	0,98
AFS9	41	6,07
AFS10	40	7,83
AFS11	32	3,40
AFS12	36	6,26
AFS13	20	3,77
AFS14	85	15,47
AFS15	85	12,21
AFS16	13	1,60
AFS17	65	2,28
AFS18	7	1,65
AFS19	17	0,84
AFS20	33	6,75
AFS21	92	12,56
AFS22	91	11,50
AFS23	83	0,04
AFS24	14	1,98
AFS25	57	4,88
AFS26	25	3,94
AFS27	46	6,53
AFS28	58	13,99
AFS29	68	4,74
AFS30	93	13,34
AFS31	51	8,83
AFS32	98	1,84
AFS33	59	1,74
AFS34	47	4,22
AFS35	91	3,72
AFS36	7	1,39
AFS37	7	1,34
AFS38	73	14,65
AFS39	80	19,77
AFS40	49	2,90
AFS41	33	3,54
AFS42	70	4,60
AFS43	7	1,51
AFS44	24	1,61
AFS45	82	4,00
AFS46	19	3,08
AFS47	24	5,16
AFS48	63	8,26
AFS49	76	3,80
AFS50	31	4,20
AFS51	50	11,82
AFS52	34	5,23
AFS53	55	5,18
AFS54	81	17,45
AFS55	24	1,06
AFS56	33	1,72
AFS57	49	5,91
AFS58	74	4,41
AFS59	72	16,19
AFS60	49	5,64
AFS61	85	17,83
AFS62	84	6,08
AFS63	42	4,66
AFS64	65	12,05
AGS1	7	1,59
AGS2	36	1,52
AGS3	0	0,00
AGS4	15	2,89
AGS5	23	2,58
AGS6	8	0,41
AGS7	42	10,25
AGS8	35	1,97
AGS9	39	6,72
AGS10	32	0,58
AGS11	77	8,84
AGS12	14	1,64
AGS13	93	10,26
AGS14	77	16,22
AGS15	91	16,39
AGS16	86	9,57
AGS17	71	13,03
AGS18	23	1,58
AGS19	79	2,71
AGS20	33	6,80
AGS21	37	0,28
AGS22	87	1,97
AGS23	54	2,65
AGS24	17	1,02
AGS25	1	0,15
AGS26	98	10,66
AGS27	95	9,19
AGS28	71	0,85
AGS29	79	19,15
AGS30	94	11,59
AGS31	5	0,32
AGS32	21	0,94
AGS33	56	3,78
AGS34	3	0,14
AGS35	5	1,10
AGS36	47	7,40
AGS37	54	10,22
AGS38	50	0,36
AGS39	88	14,63
AGS40	68	13,89
AGS41	82	6,99
AGS42	22	3,85
AGS43	87	19,16
AGS44	18	1,63
AGS45	82	7,26
AGS46	20	1,65
AGS47	80	12,75
AGS48	36	9,00
AGS49	28	3,95
AGS50	51	7,11
AGS51	44	6,32
AGS52	40	1,24
AGS53	93	13,61
AGS54	48	3,32
AGS55	70	16,03
AGS56	62	15,20
AGS57	79	2,30
AGS58	40	3,68
AGS59	42	7,93
AGS60	7	1,46
AGS61	40	6,19
AGS62	52	2,03
AGS63	30	7,39
AGS64	26	2,23
