AFN1	12.25	50,00	3
AFN2	9.75	36,00	2
AFN3	23.0	50,00	2
AFN4	17.0	50,00	2
AFN5	5.75	36,00	3
AFN6	7.75	27,00	1
AFN7	22.5	50,00	1
AFN8	5.75	50,00	9
AFN9	3.25	31,00	7
AFN10	9.0	50,00	4
AFN11	10.75	16,00	3
AFN12	9.0	47,00	3
AFN13	11.25	1,00	3
AFN14	18.25	50,00	3
AFN15	1.75	50,00	10
AFN16	18.25	28,00	8
AFN17	24.0	50,00	5
AFN18	23.75	50,00	9
AFN19	9.0	50,00	9
AFN20	19.5	34,00	5
AFN21	14.75	38,00	7
AFN22	9.25	13,00	8
AFN23	8.75	50,00	8
AFN24	24.5	10,00	6
AFN25	0.25	50,00	2
AFN26	10.25	50,00	6
AFN27	16.5	50,00	9
AFN28	16.75	50,00	5
AFN29	18.5	21,00	1
AFN30	9.25	14,00	4
AFN31	17.25	42,00	2
AFN32	7.5	49,00	8
AFN33	10.75	50,00	4
AFN34	19.75	50,00	7
AFN35	8.25	50,00	6
AFN36	20.5	50,00	9
AFN37	16.25	0,00	3
AFN38	22.5	8,00	5
AFN39	16.5	46,00	5
AFN40	9.75	50,00	9
AFN41	4.5	23,00	6
AFN42	21.0	44,00	2
AFN43	1.25	50,00	1
AFN44	18.75	50,00	3
AFN45	9.25	50,00	10
AFN46	19.0	50,00	6
AFN47	25.0	41,00	4
AFN48	13.0	23,00	3
AFN49	10.5	50,00	8
AFN50	0.25	50,00	5
AFN51	3.0	50,00	6
AFN52	4.25	50,00	6
AFN53	24.5	50,00	1
AFN54	5.5	15,00	6
AFN55	3.5	50,00	5
AFN56	5.5	27,00	8
AFN57	15.5	40,00	6
AFN58	15.25	50,00	6
AFN59	9.0	18,00	10
AFN60	9.75	50,00	5
AFN61	11.0	7,00	5
AFN62	22.75	50,00	7
AFN63	20.75	50,00	9
AFN64	12.5	48,00	8
AEN1	18.0	50,00	9
AEN2	13.25	50,00	5
AEN3	13.0	9,00	9
AEN4	18.0	50,00	1
AEN5	15.5	48,00	2
AEN6	14.75	14,00	5
AEN7	2.75	50,00	3
AEN8	2.5	36,00	6
AEN9	9.75	39,00	5
AEN10	11.25	19,00	5
AEN11	8.0	50,00	6
AEN12	19.0	50,00	9
AEN13	15.25	50,00	5
AEN14	17.0	50,00	7
AEN15	13.25	14,00	8
AEN16	11.25	50,00	8
AEN17	20.5	50,00	6
AEN18	6.0	23,00	10
AEN19	10.0	5,00	6
AEN20	22.5	44,00	7
AEN21	2.25	50,00	3
AEN22	13.0	50,00	5
AEN23	2.5	44,00	2
AEN24	1.5	50,00	6
AEN25	17.0	50,00	4
AEN26	1.25	48,00	7
AEN27	11.75	50,00	1
AEN28	13.25	50,00	6
AEN29	14.5	50,00	3
AEN30	16.5	50,00	5
AEN31	11.75	40,00	8
AEN32	19.25	19,00	5
AEN33	9.25	15,00	7
AEN34	6.75	19,00	2
AEN35	18.5	31,00	4
AEN36	20.75	19,00	3
AEN37	6.0	50,00	7
AEN38	2.25	50,00	5
AEN39	10.5	50,00	7
AEN40	24.0	40,00	4
AEN41	11.5	34,00	5
AEN42	6.0	24,00	5
AEN43	5.25	31,00	4
AEN44	22.75	16,00	5
AEN45	6.0	50,00	3
AEN46	18.0	50,00	9
AEN47	12.25	50,00	9
AEN48	16.75	32,00	8
AEN49	1.25	50,00	3
AEN50	19.0	12,00	7
AEN51	13.75	25,00	9
AEN52	24.5	50,00	9
AEN53	10.25	21,00	6
AEN54	19.25	50,00	6
AEN55	12.0	34,00	8
AEN56	7.0	3,00	9
AEN57	12.25	50,00	9
AEN58	8.0	20,00	9
AEN59	13.25	50,00	10
AEN60	18.5	50,00	1
AEN61	20.0	28,00	1
AEN62	21.75	22,00	6
AEN63	24.75	41,00	3
AEN64	1.5	50,00	9
ADN1	12.75	50,00	9
ADN2	20.75	43,00	6
ADN3	6.25	50,00	7
ADN4	20.75	44,00	7
ADN5	12.5	42,00	6
ADN6	0.75	50,00	2
ADN7	10.75	50,00	10
ADN8	22.75	10,00	5
ADN9	25.0	50,00	3
ADN10	9.5	41,00	3
ADN11	21.0	13,00	8
ADN12	14.5	50,00	1
ADN13	15.5	50,00	6
ADN14	18.25	30,00	9
ADN15	25.0	8,00	9
ADN16	24.75	50,00	7
ADN17	17.5	17,00	2
ADN18	0.5	50,00	5
ADN19	23.75	50,00	2
ADN20	0.25	50,00	10
ADN21	11.0	7,00	9
ADN22	16.5	50,00	5
ADN23	15.25	50,00	6
ADN24	3.5	50,00	3
ADN25	16.75	50,00	4
ADN26	22.0	50,00	4
ADN27	15.0	2,00	6
ADN28	23.25	44,00	7
ADN29	3.5	50,00	4
ADN30	6.75	15,00	3
ADN31	21.5	50,00	4
ADN32	5.75	50,00	2
ADN33	7.5	50,00	8
ADN34	22.25	50,00	9
ADN35	2.75	50,00	3
ADN36	14.0	43,00	2
ADN37	12.0	9,00	8
ADN38	19.0	7,00	2
ADN39	7.5	50,00	2
ADN40	19.5	50,00	7
ADN41	6.75	50,00	5
ADN42	1.5	50,00	10
ADN43	0.25	50,00	3
ADN44	4.75	50,00	4
ADN45	11.0	50,00	6
ADN46	6.25	50,00	3
ADN47	22.75	10,00	10
ADN48	15.5	50,00	6
ADN49	14.0	38,00	5
ADN50	2.75	50,00	7
ADN51	7.25	50,00	1
ADN52	14.25	50,00	5
ADN53	19.75	18,00	10
ADN54	11.0	5,00	7
ADN55	6.0	29,00	6
ADN56	11.25	8,00	5
ADN57	15.0	50,00	5
ADN58	17.5	22,00	3
ADN59	11.5	50,00	8
ADN60	1.25	45,00	9
ADN61	20.75	50,00	6
ADN62	20.75	50,00	2
ADN63	19.0	50,00	10
ADN64	9.5	50,00	7
ACN1	3.0	31,00	3
ACN2	19.5	22,00	2
ACN3	2.5	11,00	3
ACN4	25.0	50,00	10
ACN5	0.75	50,00	6
ACN6	8.0	50,00	7
ACN7	11.5	50,00	8
ACN8	24.0	11,00	6
ACN9	3.75	50,00	4
ACN10	17.75	50,00	7
ACN11	1.5	38,00	3
ACN12	12.5	8,00	8
ACN13	4.25	28,00	4
ACN14	22.5	50,00	2
ACN15	14.0	6,00	3
ACN16	6.0	3,00	4
ACN17	10.25	28,00	3
ACN18	4.0	34,00	4
ACN19	7.0	5,00	3
ACN20	21.75	50,00	10
ACN21	6.0	24,00	10
ACN22	13.75	5,00	4
ACN23	24.75	50,00	7
ACN24	23.25	50,00	7
ACN25	24.75	50,00	9
ACN26	0.5	37,00	5
ACN27	0.0	0,00	6
ACN28	3.25	47,00	8
ACN29	5.75	50,00	4
ACN30	17.0	42,00	3
ACN31	23.0	50,00	4
ACN32	14.0	24,00	4
ACN33	23.5	50,00	8
ACN34	16.0	46,00	4
ACN35	0.5	50,00	8
ACN36	14.75	50,00	2
ACN37	13.5	6,00	5
ACN38	19.25	50,00	5
ACN39	17.5	8,00	2
ACN40	9.5	49,00	1
ACN41	9.25	30,00	10
ACN42	9.5	50,00	3
ACN43	22.5	29,00	6
ACN44	7.25	27,00	7
ACN45	16.75	50,00	4
ACN46	22.75	48,00	6
ACN47	18.0	50,00	6
ACN48	6.0	34,00	6
ACN49	2.25	50,00	9
ACN50	3.5	28,00	5
ACN51	10.5	6,00	6
ACN52	18.5	50,00	2
ACN53	7.25	50,00	6
ACN54	12.75	50,00	4
ACN55	3.5	50,00	6
ACN56	19.0	19,00	4
ACN57	17.25	50,00	7
ACN58	9.5	50,00	3
ACN59	23.75	26,00	3
ACN60	10.5	27,00	8
ACN61	3.25	8,00	5
ACN62	8.5	17,00	3
ACN63	16.75	19,00	3
ACN64	16.25	50,00	3
ABN1	25.0	50,00	4
ABN2	18.75	50,00	7
ABN3	3.5	50,00	5
ABN4	21.25	50,00	7
ABN5	0.5	35,00	1
ABN6	15.75	10,00	6
ABN7	14.25	24,00	4
ABN8	18.5	18,00	5
ABN9	25.0	50,00	6
ABN10	10.75	34,00	2
ABN11	6.25	50,00	7
ABN12	5.0	50,00	4
ABN13	0.75	38,00	6
ABN14	23.25	44,00	6
ABN15	19.0	50,00	2
ABN16	7.0	10,00	2
ABN17	18.75	50,00	9
ABN18	20.25	50,00	10
ABN19	4.5	50,00	6
ABN20	20.0	44,00	2
ABN21	20.25	21,00	2
ABN22	1.5	50,00	5
ABN23	18.0	50,00	8
ABN24	12.5	41,00	8
ABN25	22.5	50,00	7
ABN26	23.5	22,00	2
ABN27	18.5	50,00	7
ABN28	24.25	50,00	2
ABN29	6.75	50,00	6
ABN30	3.75	50,00	4
ABN31	8.25	22,00	7
ABN32	12.75	17,00	7
ABN33	18.5	11,00	7
ABN34	3.5	50,00	7
ABN35	24.0	50,00	6
ABN36	2.5	24,00	9
ABN37	10.5	50,00	5
ABN38	17.5	50,00	5
ABN39	1.5	4,00	7
ABN40	23.5	47,00	2
ABN41	3.0	43,00	2
ABN42	11.0	35,00	5
ABN43	8.25	21,00	4
ABN44	22.0	8,00	4
ABN45	19.75	47,00	9
ABN46	4.0	33,00	7
ABN47	4.5	31,00	8
ABN48	1.0	20,00	7
ABN49	10.0	35,00	6
ABN50	22.75	50,00	9
ABN51	8.75	27,00	9
ABN52	22.0	47,00	4
ABN53	23.75	21,00	4
ABN54	14.25	50,00	3
ABN55	16.75	50,00	8
ABN56	3.25	30,00	9
ABN57	9.25	15,00	3
ABN58	25.0	50,00	9
ABN59	18.75	50,00	7
ABN60	8.75	33,00	9
ABN61	1.0	50,00	9
ABN62	25.0	47,00	8
ABN63	5.75	30,00	4
ABN64	10.75	26,00	2
AAN1	24.0	50,00	8
AAN2	11.25	50,00	3
AAN3	5.0	38,00	9
AAN4	15.75	50,00	6
AAN5	4.25	32,00	2
AAN6	1.5	50,00	10
AAN7	12.5	1,00	10
AAN8	21.25	50,00	9
AAN9	21.75	50,00	2
AAN10	10.25	16,00	9
AAN11	13.25	50,00	6
AAN12	8.25	26,00	10
AAN13	5.5	34,00	1
AAN14	16.5	50,00	2
AAN15	6.5	5,00	3
AAN16	7.25	23,00	2
AAN17	17.75	50,00	3
AAN18	19.0	18,00	2
AAN19	16.5	37,00	2
AAN20	18.5	50,00	4
AAN21	9.75	50,00	5
AAN22	15.75	33,00	2
AAN23	11.0	27,00	3
AAN24	9.25	33,00	6
AAN25	3.75	36,00	2
AAN26	20.75	50,00	5
AAN27	17.25	50,00	5
AAN28	17.25	49,00	8
AAN29	13.5	50,00	5
AAN30	5.75	50,00	10
AAN31	2.5	50,00	9
AAN32	17.75	50,00	7
AAN33	5.0	25,00	9
AAN34	1.0	50,00	7
AAN35	1.0	9,00	3
AAN36	22.25	50,00	5
AAN37	1.5	46,00	3
AAN38	8.5	39,00	6
AAN39	16.5	50,00	4
AAN40	6.0	50,00	2
AAN41	15.75	50,00	8
AAN42	3.25	50,00	5
AAN43	13.5	50,00	6
AAN44	14.5	50,00	8
AAN45	1.5	23,00	3
AAN46	22.0	50,00	4
AAN47	1.25	50,00	6
AAN48	3.75	50,00	9
AAN49	0.5	50,00	7
AAN50	22.0	35,00	10
AAN51	15.0	9,00	6
AAN52	24.5	50,00	9
AAN53	20.0	50,00	4
AAN54	0.0	0,00	6
AAN55	18.75	50,00	2
AAN56	8.75	50,00	6
AAN57	8.25	50,00	7
AAN58	17.25	2,00	4
AAN59	7.0	4,00	6
AAN60	21.75	18,00	6
AAN61	20.25	50,00	8
AAN62	22.25	18,00	5
AAN63	15.75	47,00	6
AAN64	16.25	50,00	8
ZN1	11.5	43,00	2
ZN2	9.5	50,00	8
ZN3	16.0	14,00	9
ZN4	3.5	24,00	2
ZN5	6.5	12,00	3
ZN6	4.75	15,00	9
ZN7	4.5	50,00	5
ZN8	0.25	50,00	3
ZN9	12.25	21,00	4
ZN10	22.75	35,00	7
ZN11	15.5	50,00	9
ZN12	12.25	50,00	5
ZN13	7.5	50,00	7
ZN14	14.0	50,00	7
ZN15	14.5	50,00	4
ZN16	14.75	17,00	5
ZN17	17.5	50,00	8
ZN18	0.75	50,00	9
ZN19	15.75	48,00	7
ZN20	5.5	8,00	6
ZN21	10.75	50,00	2
ZN22	18.25	50,00	2
ZN23	14.5	49,00	5
ZN24	9.25	50,00	6
ZN25	5.0	50,00	7
ZN26	3.25	50,00	5
ZN27	5.5	27,00	6
ZN28	0.5	39,00	8
ZN29	8.75	50,00	5
ZN30	4.0	0,00	7
ZN31	7.25	50,00	5
ZN32	16.0	0,00	9
ZN33	1.0	50,00	2
ZN34	14.25	19,00	10
ZN35	19.75	40,00	4
ZN36	6.5	49,00	4
ZN37	16.5	50,00	10
ZN38	3.0	50,00	3
ZN39	5.75	20,00	4
ZN40	17.0	50,00	2
ZN41	0.25	50,00	6
ZN42	10.5	22,00	9
ZN43	4.5	11,00	9
ZN44	24.0	50,00	6
ZN45	9.25	50,00	4
ZN46	18.75	50,00	1
ZN47	7.75	23,00	10
ZN48	6.75	23,00	9
ZN49	14.5	50,00	5
ZN50	11.0	50,00	3
ZN51	11.5	50,00	3
ZN52	14.5	50,00	2
ZN53	4.5	50,00	8
ZN54	12.5	5,00	6
ZN55	12.25	50,00	6
ZN56	1.0	50,00	8
ZN57	14.75	4,00	4
ZN58	14.0	9,00	6
ZN59	8.25	50,00	7
ZN60	8.75	50,00	4
ZN61	22.0	50,00	9
ZN62	1.25	22,00	10
ZN63	11.0	50,00	3
ZN64	14.5	21,00	9
YN1	19.75	50,00	5
YN2	7.75	31,00	7
YN3	0.5	50,00	8
YN4	19.0	50,00	7
YN5	10.5	9,00	4
YN6	11.5	50,00	2
YN7	9.75	36,00	5
YN8	0.5	26,00	7
YN9	4.75	20,00	6
YN10	24.5	23,00	4
YN11	14.25	50,00	9
YN12	5.0	50,00	2
YN13	13.0	50,00	9
YN14	4.25	50,00	3
YN15	21.0	19,00	10
YN16	13.5	39,00	7
YN17	20.0	5,00	5
YN18	6.5	50,00	3
YN19	17.75	19,00	6
YN20	7.25	8,00	1
YN21	17.75	37,00	10
YN22	8.75	3,00	3
YN23	2.75	50,00	6
YN24	15.75	50,00	8
YN25	10.75	48,00	10
YN26	24.75	14,00	8
YN27	25.0	28,00	2
YN28	1.5	4,00	5
YN29	7.75	50,00	6
YN30	9.5	37,00	7
YN31	17.0	5,00	9
YN32	14.25	50,00	5
YN33	10.75	50,00	3
YN34	23.25	50,00	7
YN35	19.5	34,00	3
YN36	2.75	16,00	6
YN37	20.25	50,00	8
YN38	15.5	26,00	7
YN39	19.5	50,00	8
YN40	4.25	37,00	4
YN41	16.25	50,00	2
YN42	21.0	50,00	2
YN43	2.75	50,00	5
YN44	12.0	19,00	1
YN45	10.25	28,00	6
YN46	19.5	45,00	4
YN47	22.0	50,00	9
YN48	17.25	50,00	7
YN49	22.0	34,00	7
YN50	8.5	47,00	7
YN51	18.75	46,00	10
YN52	18.25	1,00	7
YN53	22.5	27,00	3
YN54	12.25	50,00	9
YN55	23.25	10,00	2
YN56	15.5	26,00	5
YN57	16.5	23,00	9
YN58	3.0	50,00	8
YN59	20.5	42,00	2
YN60	16.0	50,00	9
YN61	1.25	50,00	3
YN62	24.0	50,00	9
YN63	9.25	12,00	6
YN64	19.25	50,00	3
XN1	7.25	50,00	4
XN2	19.25	27,00	2
XN3	22.75	37,00	1
XN4	8.5	50,00	3
XN5	7.0	33,00	5
XN6	16.75	50,00	2
XN7	12.0	50,00	8
XN8	18.0	29,00	2
XN9	3.75	50,00	7
XN10	24.75	22,00	7
XN11	11.25	35,00	3
XN12	21.75	7,00	8
XN13	1.75	24,00	8
XN14	14.75	50,00	3
XN15	11.0	18,00	2
XN16	13.25	34,00	2
XN17	23.25	28,00	5
XN18	4.5	33,00	7
XN19	21.25	13,00	4
XN20	12.5	30,00	9
XN21	14.75	7,00	4
XN22	12.0	50,00	7
XN23	7.25	7,00	2
XN24	14.75	18,00	7
XN25	7.75	38,00	6
XN26	16.75	50,00	4
XN27	15.0	44,00	6
XN28	8.0	50,00	8
XN29	12.75	50,00	3
XN30	0.5	29,00	2
XN31	14.0	50,00	1
XN32	14.5	50,00	5
XN33	4.5	39,00	6
XN34	20.0	50,00	7
XN35	10.25	50,00	9
XN36	19.75	44,00	2
XN37	19.25	50,00	10
XN38	0.0	0,00	6
XN39	4.75	29,00	4
XN40	5.25	50,00	9
XN41	7.75	19,00	2
XN42	24.0	19,00	9
XN43	1.5	50,00	4
XN44	11.75	50,00	5
XN45	23.75	50,00	9
XN46	19.0	50,00	7
XN47	8.0	50,00	6
XN48	4.25	35,00	8
XN49	6.0	50,00	7
XN50	4.5	13,00	7
XN51	12.75	50,00	5
XN52	24.5	6,00	7
XN53	11.5	50,00	8
XN54	15.0	50,00	2
XN55	17.75	23,00	3
XN56	6.75	50,00	2
XN57	21.25	50,00	10
XN58	20.75	50,00	4
XN59	11.75	50,00	8
XN60	22.0	45,00	4
XN61	19.75	50,00	5
XN62	24.5	50,00	4
XN63	24.25	44,00	4
XN64	1.0	26,00	5
WN1	14.5	49,00	4
WN2	11.75	30,00	8
WN3	11.25	14,00	9
WN4	5.75	8,00	6
WN5	6.5	50,00	4
WN6	11.25	3,00	10
WN7	2.75	30,00	6
WN8	23.25	50,00	5
WN9	14.5	50,00	6
WN10	1.75	50,00	8
WN11	2.25	8,00	6
WN12	18.5	5,00	3
WN13	8.0	16,00	1
WN14	23.0	41,00	3
WN15	20.25	50,00	3
WN16	25.0	50,00	2
WN17	1.75	50,00	2
WN18	3.0	4,00	9
WN19	2.5	50,00	8
WN20	22.25	33,00	8
WN21	6.75	3,00	1
WN22	13.0	50,00	9
WN23	8.25	50,00	5
WN24	23.5	19,00	8
WN25	18.5	8,00	2
WN26	3.25	3,00	7
WN27	8.25	38,00	6
WN28	15.5	5,00	7
WN29	19.25	50,00	6
WN30	8.0	50,00	2
WN31	10.0	50,00	2
WN32	12.25	10,00	7
WN33	0.25	16,00	2
WN34	20.5	50,00	3
WN35	14.5	50,00	9
WN36	3.25	31,00	7
WN37	16.0	18,00	3
WN38	12.25	50,00	6
WN39	2.0	50,00	6
WN40	18.75	40,00	9
WN41	11.25	50,00	7
WN42	21.0	50,00	6
WN43	9.5	31,00	6
WN44	2.5	50,00	6
WN45	24.5	50,00	8
WN46	18.25	50,00	9
WN47	15.25	26,00	2
WN48	0.0	0,00	3
WN49	16.5	21,00	8
WN50	22.25	50,00	6
WN51	18.5	50,00	4
WN52	8.0	32,00	4
WN53	7.25	50,00	5
WN54	4.0	50,00	4
WN55	20.0	50,00	3
WN56	23.25	30,00	2
WN57	9.25	50,00	4
WN58	11.75	50,00	3
WN59	13.75	5,00	4
WN60	14.5	50,00	7
WN61	7.75	13,00	8
WN62	21.25	50,00	7
WN63	7.5	50,00	2
WN64	11.25	50,00	5
VN1	19.0	50,00	9
VN2	20.75	36,00	10
VN3	5.75	50,00	9
VN4	6.0	50,00	4
VN5	18.25	23,00	2
VN6	19.25	50,00	7
VN7	24.5	32,00	5
VN8	11.75	50,00	9
VN9	24.25	50,00	6
VN10	15.5	49,00	7
VN11	19.75	9,00	8
VN12	22.0	50,00	2
VN13	0.25	50,00	9
VN14	18.5	4,00	6
VN15	2.25	33,00	2
VN16	7.5	50,00	9
VN17	13.5	6,00	1
VN18	11.25	50,00	3
VN19	9.0	37,00	2
VN20	22.75	28,00	10
VN21	25.0	33,00	4
VN22	20.75	2,00	4
VN23	4.25	50,00	3
VN24	14.25	50,00	3
VN25	3.0	50,00	8
VN26	10.0	11,00	2
VN27	21.75	30,00	2
VN28	2.5	41,00	1
VN29	20.25	44,00	10
VN30	3.0	43,00	5
VN31	15.0	9,00	3
VN32	20.5	50,00	7
VN33	18.25	44,00	10
VN34	0.5	15,00	4
VN35	11.5	24,00	3
VN36	10.0	8,00	10
VN37	15.75	45,00	7
VN38	21.75	50,00	6
VN39	10.0	3,00	2
VN40	5.25	49,00	4
VN41	10.25	50,00	7
VN42	13.5	17,00	3
VN43	18.75	50,00	7
VN44	8.5	36,00	2
VN45	0.5	41,00	1
VN46	11.0	50,00	1
VN47	19.25	38,00	1
VN48	23.25	21,00	4
VN49	1.0	17,00	3
VN50	3.0	50,00	6
VN51	3.0	48,00	4
VN52	5.25	17,00	6
VN53	24.5	37,00	3
VN54	16.0	50,00	6
VN55	6.75	13,00	10
VN56	5.25	50,00	2
VN57	17.0	50,00	3
VN58	17.25	42,00	5
VN59	15.0	17,00	7
VN60	13.25	40,00	2
VN61	22.75	37,00	1
VN62	3.5	50,00	6
VN63	19.25	50,00	1
VN64	6.0	45,00	9
UN1	16.25	44,00	9
UN2	9.5	50,00	5
UN3	23.25	39,00	7
UN4	14.75	50,00	5
UN5	6.75	34,00	5
UN6	8.0	37,00	6
UN7	12.5	17,00	7
UN8	3.25	17,00	6
UN9	7.5	41,00	5
UN10	17.25	22,00	6
UN11	1.0	43,00	4
UN12	3.75	50,00	2
UN13	11.75	50,00	4
UN14	15.25	50,00	10
UN15	23.25	50,00	9
UN16	20.0	50,00	2
UN17	3.25	23,00	4
UN18	0.5	18,00	10
UN19	0.25	50,00	4
UN20	11.5	9,00	1
UN21	5.0	22,00	6
UN22	3.0	50,00	5
UN23	3.75	50,00	4
UN24	14.75	50,00	2
UN25	17.5	50,00	6
UN26	2.0	50,00	9
UN27	0.5	46,00	3
UN28	5.25	8,00	6
UN29	13.25	50,00	10
UN30	8.5	5,00	4
UN31	4.5	50,00	5
UN32	20.0	28,00	9
UN33	11.5	32,00	10
UN34	8.75	10,00	5
UN35	3.75	25,00	4
UN36	6.5	50,00	9
UN37	6.0	50,00	6
UN38	22.25	24,00	7
UN39	5.0	47,00	4
UN40	11.25	50,00	3
UN41	15.5	41,00	7
UN42	13.0	50,00	4
UN43	22.5	19,00	7
UN44	23.5	50,00	5
UN45	7.5	50,00	1
UN46	21.25	18,00	7
UN47	16.5	42,00	3
UN48	2.25	40,00	5
UN49	10.25	50,00	7
UN50	20.75	1,00	6
UN51	17.75	50,00	5
UN52	11.25	42,00	9
UN53	10.25	50,00	4
UN54	3.25	50,00	9
UN55	23.25	50,00	5
UN56	10.5	50,00	3
UN57	15.0	21,00	8
UN58	10.5	50,00	5
UN59	3.0	4,00	9
UN60	19.75	17,00	10
UN61	3.0	50,00	6
UN62	18.5	50,00	7
UN63	18.0	45,00	5
UN64	21.5	7,00	5
TN1	25.0	50,00	6
TN2	7.25	50,00	6
TN3	0.25	31,00	8
TN4	22.25	25,00	10
TN5	21.75	50,00	7
TN6	1.25	50,00	7
TN7	14.0	6,00	8
TN8	14.75	11,00	1
TN9	6.5	50,00	6
TN10	13.5	50,00	5
TN11	6.0	35,00	10
TN12	4.75	50,00	9
TN13	21.25	50,00	5
TN14	12.0	0,00	4
TN15	1.75	21,00	5
TN16	18.0	50,00	4
TN17	10.25	45,00	5
TN18	18.0	50,00	9
TN19	17.75	50,00	3
TN20	19.75	50,00	4
TN21	21.0	10,00	2
TN22	24.75	46,00	2
TN23	19.0	20,00	10
TN24	6.25	45,00	3
TN25	17.75	31,00	9
TN26	21.0	50,00	7
TN27	11.25	50,00	6
TN28	15.75	9,00	6
TN29	4.75	1,00	5
TN30	10.75	50,00	2
TN31	13.25	50,00	9
TN32	7.25	50,00	3
TN33	22.25	50,00	7
TN34	1.25	50,00	5
TN35	11.75	26,00	6
TN36	19.0	14,00	7
TN37	12.5	15,00	9
TN38	20.0	50,00	9
TN39	9.75	50,00	5
TN40	18.0	50,00	3
TN41	20.25	20,00	3
TN42	4.5	9,00	8
TN43	8.0	0,00	3
TN44	9.5	50,00	7
TN45	23.5	0,00	1
TN46	13.75	50,00	10
TN47	17.25	27,00	6
TN48	2.25	50,00	8
TN49	3.25	6,00	4
TN50	16.5	50,00	2
TN51	17.0	9,00	1
TN52	6.0	50,00	9
TN53	3.0	43,00	6
TN54	20.75	31,00	6
TN55	2.5	50,00	4
TN56	13.0	50,00	3
TN57	14.75	50,00	7
TN58	9.75	14,00	9
TN59	8.5	15,00	9
TN60	16.25	50,00	6
TN61	0.0	0,00	7
TN62	7.0	7,00	3
TN63	5.5	13,00	9
TN64	21.0	1,00	8
SN1	17.75	50,00	8
SN2	20.5	50,00	2
SN3	13.5	38,00	5
SN4	2.0	29,00	2
SN5	3.25	50,00	8
SN6	15.75	17,00	8
SN7	5.25	33,00	2
SN8	10.5	50,00	8
SN9	11.5	50,00	3
SN10	1.25	7,00	5
SN11	10.75	50,00	7
SN12	8.5	21,00	2
SN13	7.75	33,00	7
SN14	5.25	49,00	10
SN15	5.5	50,00	4
SN16	4.75	50,00	1
SN17	21.75	24,00	4
SN18	21.25	29,00	7
SN19	1.75	50,00	7
SN20	12.75	50,00	6
SN21	13.25	50,00	8
SN22	7.75	15,00	1
SN23	8.0	26,00	4
SN24	23.5	1,00	3
SN25	15.75	34,00	8
SN26	20.25	50,00	3
SN27	8.25	12,00	2
SN28	6.25	39,00	6
SN29	16.25	50,00	1
SN30	21.75	50,00	7
SN31	2.25	50,00	2
SN32	20.0	50,00	3
SN33	10.75	31,00	10
SN34	5.75	50,00	7
SN35	14.75	50,00	8
SN36	6.5	39,00	1
SN37	4.25	39,00	3
SN38	20.0	3,00	3
SN39	9.0	50,00	4
SN40	16.75	29,00	2
SN41	6.75	50,00	5
SN42	7.25	50,00	2
SN43	0.5	19,00	2
SN44	22.0	50,00	4
SN45	5.25	45,00	7
SN46	6.5	50,00	2
SN47	12.25	17,00	4
SN48	21.25	28,00	3
SN49	4.0	3,00	3
SN50	11.25	21,00	8
SN51	0.25	50,00	5
SN52	2.5	41,00	8
SN53	10.0	50,00	3
SN54	11.5	50,00	9
SN55	8.5	50,00	3
SN56	1.25	21,00	4
SN57	23.25	27,00	9
SN58	14.0	30,00	6
SN59	21.75	50,00	9
SN60	15.5	43,00	2
SN61	6.5	9,00	6
SN62	16.75	22,00	3
SN63	20.0	24,00	5
SN64	22.0	18,00	5
RN1	1.0	50,00	5
RN2	19.0	14,00	4
RN3	19.25	3,00	1
RN4	11.75	44,00	9
RN5	13.5	32,00	2
RN6	21.75	50,00	8
RN7	10.25	50,00	7
RN8	1.0	50,00	5
RN9	16.25	44,00	8
RN10	6.25	39,00	6
RN11	24.5	30,00	10
RN12	16.25	42,00	1
RN13	7.75	14,00	5
RN14	0.25	50,00	9
RN15	16.5	50,00	5
RN16	5.0	50,00	10
RN17	4.25	27,00	2
RN18	15.75	36,00	7
RN19	10.25	50,00	2
RN20	14.0	15,00	9
RN21	20.25	50,00	8
RN22	20.5	32,00	9
RN23	19.25	41,00	6
RN24	3.0	50,00	10
RN25	9.25	10,00	3
RN26	3.25	21,00	8
RN27	4.25	28,00	2
RN28	4.25	11,00	4
RN29	13.75	0,00	3
RN30	14.25	14,00	5
RN31	2.75	50,00	3
RN32	10.25	42,00	4
RN33	12.5	50,00	6
RN34	6.75	18,00	3
RN35	20.5	48,00	6
RN36	11.75	6,00	8
RN37	24.75	25,00	3
RN38	11.5	15,00	3
RN39	20.0	35,00	1
RN40	6.0	50,00	4
RN41	1.0	50,00	7
RN42	11.25	50,00	10
RN43	4.5	1,00	10
RN44	7.5	47,00	10
RN45	19.5	50,00	6
RN46	8.0	50,00	5
RN47	17.0	22,00	8
RN48	15.0	12,00	6
RN49	4.75	50,00	9
RN50	17.5	38,00	4
RN51	7.0	29,00	9
RN52	21.75	50,00	1
RN53	13.75	5,00	8
RN54	20.25	50,00	1
RN55	2.25	50,00	8
RN56	4.0	50,00	2
RN57	24.75	50,00	2
RN58	15.0	14,00	4
RN59	12.0	15,00	6
RN60	9.0	4,00	1
RN61	13.25	50,00	7
RN62	12.75	16,00	2
RN63	2.25	12,00	10
RN64	18.0	38,00	8
QN1	21.75	25,00	6
QN2	23.25	50,00	9
QN3	24.75	50,00	1
QN4	16.0	50,00	8
QN5	15.75	50,00	5
QN6	6.25	50,00	5
QN7	18.25	20,00	10
QN8	18.0	19,00	6
QN9	24.0	35,00	4
QN10	17.75	50,00	7
QN11	8.0	50,00	5
QN12	20.75	13,00	1
QN13	18.5	50,00	6
QN14	23.5	37,00	9
QN15	0.25	43,00	5
QN16	13.5	48,00	7
QN17	10.0	36,00	4
QN18	17.25	50,00	7
QN19	10.75	50,00	5
QN20	3.5	50,00	8
QN21	7.75	14,00	2
QN22	11.0	50,00	6
QN23	7.25	50,00	7
QN24	8.75	16,00	7
QN25	13.25	50,00	10
QN26	10.0	27,00	3
QN27	11.0	11,00	7
QN28	15.75	50,00	9
QN29	14.25	17,00	8
QN30	11.25	50,00	6
QN31	8.5	31,00	4
QN32	19.75	50,00	3
QN33	17.75	20,00	3
QN34	7.0	11,00	9
QN35	7.75	48,00	4
QN36	8.5	47,00	3
QN37	21.0	50,00	7
QN38	6.5	19,00	5
QN39	8.5	50,00	6
QN40	18.0	46,00	10
QN41	3.25	50,00	2
QN42	14.5	16,00	8
QN43	23.5	32,00	3
QN44	4.5	41,00	3
QN45	21.25	50,00	2
QN46	2.25	34,00	5
QN47	14.0	50,00	7
QN48	23.75	50,00	10
QN49	23.75	50,00	7
QN50	0.25	2,00	7
QN51	6.75	19,00	6
QN52	15.25	50,00	4
QN53	3.0	50,00	6
QN54	3.5	50,00	4
QN55	12.75	8,00	8
QN56	13.75	3,00	5
QN57	9.25	27,00	9
QN58	9.5	10,00	5
QN59	20.0	50,00	5
QN60	17.25	50,00	6
QN61	15.0	50,00	10
QN62	14.5	27,00	3
QN63	16.0	50,00	3
QN64	3.75	50,00	9
PN1	20.25	50,00	7
PN2	16.0	50,00	7
PN3	3.0	50,00	6
PN4	10.75	50,00	9
PN5	5.5	22,00	9
PN6	9.25	11,00	9
PN7	1.5	50,00	5
PN8	12.0	3,00	10
PN9	1.75	17,00	2
PN10	1.0	0,00	7
PN11	17.5	50,00	5
PN12	5.0	50,00	3
PN13	4.75	50,00	2
PN14	7.75	50,00	1
PN15	23.5	50,00	1
PN16	19.5	19,00	8
PN17	5.25	50,00	1
PN18	12.5	50,00	5
PN19	24.25	50,00	3
PN20	18.25	39,00	4
PN21	1.0	50,00	9
PN22	22.5	50,00	7
PN23	3.5	50,00	5
PN24	5.25	43,00	5
PN25	14.5	50,00	4
PN26	2.75	50,00	2
PN27	8.25	19,00	4
PN28	0.0	0,00	3
PN29	16.25	50,00	5
PN30	19.5	50,00	8
PN31	18.75	49,00	5
PN32	2.5	38,00	4
PN33	1.25	27,00	10
PN34	16.25	50,00	6
PN35	19.0	18,00	6
PN36	2.25	2,00	8
PN37	0.5	2,00	9
PN38	1.0	50,00	6
PN39	8.25	32,00	8
PN40	16.5	50,00	1
PN41	18.5	50,00	7
PN42	10.0	50,00	10
PN43	0.5	8,00	6
PN44	17.0	23,00	7
PN45	11.0	50,00	4
PN46	12.5	50,00	7
PN47	21.25	50,00	2
PN48	18.0	50,00	7
PN49	9.25	50,00	7
PN50	15.0	18,00	7
PN51	19.5	50,00	6
PN52	16.75	19,00	7
PN53	2.5	28,00	5
PN54	17.0	2,00	9
PN55	1.75	1,00	6
PN56	10.5	50,00	9
PN57	5.75	50,00	7
PN58	10.0	50,00	2
PN59	0.0	0,00	7
PN60	13.25	50,00	9
PN61	14.75	50,00	2
PN62	7.5	36,00	3
PN63	13.5	50,00	2
PN64	0.0	0,00	9
ON1	14.25	50,00	6
ON2	4.0	8,00	2
ON3	14.0	13,00	3
ON4	23.0	50,00	6
ON5	16.0	50,00	4
ON6	9.75	31,00	7
ON7	9.5	20,00	5
ON8	3.0	36,00	2
ON9	13.0	50,00	4
ON10	10.75	31,00	1
ON11	20.75	41,00	5
ON12	18.75	26,00	6
ON13	4.5	22,00	8
ON14	6.25	50,00	3
ON15	21.75	3,00	2
ON16	6.75	50,00	5
ON17	3.0	12,00	9
ON18	21.75	50,00	10
ON19	17.75	49,00	2
ON20	0.0	0,00	6
ON21	13.5	4,00	5
ON22	1.25	22,00	9
ON23	6.25	29,00	2
ON24	6.75	50,00	8
ON25	2.25	46,00	7
ON26	3.5	50,00	6
ON27	11.5	41,00	1
ON28	19.0	14,00	9
ON29	4.0	50,00	10
ON30	18.75	50,00	4
ON31	6.75	1,00	9
ON32	0.75	18,00	6
ON33	4.75	50,00	1
ON34	10.0	50,00	9
ON35	3.25	11,00	10
ON36	4.0	40,00	10
ON37	11.5	50,00	7
ON38	10.5	18,00	2
ON39	12.75	50,00	8
ON40	21.5	50,00	4
ON41	11.75	50,00	7
ON42	21.75	50,00	7
ON43	14.75	50,00	10
ON44	13.0	12,00	2
ON45	15.0	0,00	3
ON46	11.25	50,00	5
ON47	9.0	42,00	4
ON48	25.0	28,00	3
ON49	20.5	50,00	3
ON50	18.0	6,00	6
ON51	7.75	45,00	9
ON52	15.0	36,00	8
ON53	4.25	41,00	8
ON54	2.25	3,00	10
ON55	9.75	50,00	5
ON56	11.5	27,00	9
ON57	10.0	50,00	8
ON58	7.25	50,00	5
ON59	15.0	50,00	1
ON60	22.5	50,00	1
ON61	5.0	6,00	7
ON62	6.0	41,00	4
ON63	5.5	50,00	9
ON64	1.25	37,00	4
NN1	1.75	50,00	10
NN2	5.0	50,00	10
NN3	20.25	50,00	9
NN4	9.25	50,00	9
NN5	23.75	25,00	8
NN6	13.25	50,00	8
NN7	10.0	10,00	7
NN8	4.75	50,00	7
NN9	20.25	50,00	2
NN10	25.0	0,00	3
NN11	16.75	50,00	8
NN12	24.0	50,00	6
NN13	8.25	11,00	1
NN14	2.0	25,00	7
NN15	18.25	22,00	1
NN16	1.75	50,00	4
NN17	16.75	50,00	8
NN18	9.75	31,00	2
NN19	22.0	37,00	3
NN20	21.5	5,00	5
NN21	3.75	24,00	3
NN22	12.0	50,00	9
NN23	0.75	50,00	7
NN24	2.25	50,00	9
NN25	25.0	32,00	6
NN26	5.75	17,00	3
NN27	15.0	40,00	7
NN28	10.5	50,00	2
NN29	4.5	26,00	5
NN30	22.5	50,00	9
NN31	12.25	50,00	4
NN32	18.5	50,00	5
NN33	15.75	8,00	6
NN34	19.0	42,00	4
NN35	10.0	42,00	10
NN36	3.75	50,00	9
NN37	22.75	50,00	8
NN38	8.0	50,00	4
NN39	19.5	50,00	9
NN40	7.75	50,00	9
NN41	14.5	50,00	8
NN42	16.25	19,00	8
NN43	21.0	50,00	1
NN44	24.75	50,00	3
NN45	15.0	44,00	10
NN46	8.0	50,00	8
NN47	20.0	50,00	4
NN48	1.5	50,00	1
NN49	8.25	35,00	2
NN50	4.25	50,00	4
NN51	19.25	13,00	2
NN52	2.5	19,00	7
NN53	22.0	18,00	8
NN54	23.75	50,00	5
NN55	21.0	46,00	5
NN56	20.75	50,00	6
NN57	16.5	32,00	7
NN58	6.75	50,00	9
NN59	1.25	42,00	1
NN60	20.5	50,00	1
NN61	23.5	23,00	3
NN62	13.25	37,00	4
NN63	2.75	50,00	4
NN64	1.0	27,00	9
MN1	17.25	50,00	8
MN2	8.75	31,00	2
MN3	5.0	50,00	3
MN4	6.25	50,00	1
MN5	3.0	24,00	5
MN6	13.5	23,00	5
MN7	8.0	50,00	4
MN8	23.0	50,00	2
MN9	17.5	50,00	1
MN10	8.25	27,00	7
MN11	2.5	34,00	1
MN12	22.5	3,00	6
MN13	15.25	40,00	6
MN14	21.25	24,00	5
MN15	16.0	33,00	8
MN16	24.0	11,00	4
MN17	17.0	50,00	5
MN18	23.0	6,00	1
MN19	0.25	50,00	6
MN20	8.25	42,00	5
MN21	5.0	50,00	8
MN22	21.75	17,00	9
MN23	1.5	22,00	2
MN24	4.0	41,00	3
MN25	18.0	13,00	2
MN26	11.25	4,00	3
MN27	10.25	17,00	7
MN28	14.25	41,00	6
MN29	17.25	49,00	2
MN30	14.25	25,00	9
MN31	9.5	50,00	5
MN32	20.0	50,00	7
MN33	23.5	35,00	4
MN34	14.0	50,00	2
MN35	5.75	38,00	7
MN36	21.0	50,00	3
MN37	3.75	50,00	1
MN38	10.5	50,00	7
MN39	21.0	25,00	3
MN40	5.5	6,00	1
MN41	3.5	20,00	2
MN42	15.75	20,00	2
MN43	19.0	50,00	8
MN44	23.0	44,00	8
MN45	4.25	3,00	4
MN46	11.0	50,00	9
MN47	10.0	50,00	8
MN48	10.25	50,00	10
MN49	20.5	50,00	3
MN50	18.75	2,00	2
MN51	5.25	50,00	3
MN52	1.5	32,00	2
MN53	22.0	40,00	5
MN54	4.25	50,00	2
MN55	9.0	45,00	7
MN56	2.25	26,00	10
MN57	23.0	50,00	6
MN58	15.0	2,00	7
MN59	15.5	50,00	5
MN60	9.5	50,00	6
MN61	7.5	50,00	8
MN62	8.5	50,00	6
MN63	10.5	50,00	3
MN64	16.25	36,00	6
LN1	12.5	0,00	8
LN2	14.0	37,00	8
LN3	17.25	50,00	4
LN4	3.0	22,00	1
LN5	9.0	50,00	1
LN6	3.5	50,00	4
LN7	14.75	49,00	5
LN8	4.5	50,00	8
LN9	10.5	14,00	8
LN10	23.5	50,00	2
LN11	17.25	38,00	9
LN12	3.25	50,00	9
LN13	14.25	50,00	2
LN14	19.25	50,00	6
LN15	16.0	50,00	3
LN16	8.25	28,00	6
LN17	11.0	50,00	4
LN18	1.25	50,00	6
LN19	16.0	50,00	5
LN20	15.0	32,00	1
LN21	6.0	50,00	2
LN22	12.5	47,00	4
LN23	20.25	24,00	2
LN24	22.25	50,00	4
LN25	12.25	50,00	7
LN26	15.75	38,00	5
LN27	2.75	50,00	3
LN28	18.5	21,00	9
LN29	19.25	50,00	5
LN30	10.25	45,00	9
LN31	0.75	50,00	6
LN32	5.0	50,00	9
LN33	24.25	23,00	6
LN34	19.0	32,00	2
LN35	18.25	50,00	10
LN36	2.5	45,00	5
LN37	7.0	50,00	6
LN38	15.5	11,00	10
LN39	0.0	0,00	7
LN40	23.5	9,00	3
LN41	7.75	50,00	6
LN42	8.25	50,00	2
LN43	22.75	50,00	8
LN44	15.0	50,00	3
LN45	17.75	50,00	5
LN46	13.0	50,00	6
LN47	17.5	22,00	2
LN48	16.0	43,00	4
LN49	6.75	47,00	7
LN50	18.0	16,00	2
LN51	14.25	50,00	9
LN52	11.0	37,00	3
LN53	4.0	50,00	3
LN54	14.0	50,00	8
LN55	3.25	15,00	8
LN56	5.75	50,00	8
LN57	12.5	50,00	7
LN58	1.75	29,00	2
LN59	24.0	50,00	1
LN60	15.5	6,00	2
LN61	0.25	50,00	2
LN62	9.75	28,00	6
LN63	19.5	15,00	3
LN64	10.75	50,00	5
KN1	11.25	50,00	7
KN2	15.75	50,00	4
KN3	11.25	48,00	2
KN4	17.25	50,00	7
KN5	4.5	37,00	7
KN6	13.0	50,00	6
KN7	13.75	50,00	8
KN8	13.25	50,00	9
KN9	21.5	50,00	1
KN10	18.5	50,00	3
KN11	9.0	4,00	2
KN12	17.75	40,00	10
KN13	13.0	50,00	2
KN14	17.25	27,00	1
KN15	10.75	10,00	4
KN16	6.5	7,00	8
KN17	24.0	37,00	5
KN18	14.75	50,00	8
KN19	24.5	50,00	6
KN20	23.5	35,00	4
KN21	6.25	15,00	6
KN22	19.25	50,00	3
KN23	8.0	50,00	4
KN24	13.5	50,00	4
KN25	12.0	50,00	8
KN26	22.25	25,00	8
KN27	6.75	50,00	5
KN28	12.25	50,00	5
KN29	21.25	42,00	5
KN30	20.75	50,00	3
KN31	8.0	50,00	2
KN32	7.75	50,00	5
KN33	2.25	9,00	5
KN34	21.5	50,00	2
KN35	3.25	35,00	3
KN36	23.5	50,00	5
KN37	21.5	50,00	8
KN38	12.75	50,00	5
KN39	21.75	7,00	10
KN40	22.75	50,00	7
KN41	13.5	19,00	3
KN42	10.0	50,00	8
KN43	0.5	15,00	3
KN44	20.5	50,00	2
KN45	13.25	50,00	6
KN46	4.25	1,00	9
KN47	5.0	39,00	4
KN48	12.0	34,00	4
KN49	0.0	0,00	4
KN50	6.5	50,00	4
KN51	8.0	50,00	3
KN52	7.25	22,00	8
KN53	6.75	27,00	10
KN54	4.5	50,00	8
KN55	7.5	42,00	9
KN56	14.5	44,00	5
KN57	6.75	50,00	8
KN58	12.25	50,00	6
KN59	23.0	50,00	5
KN60	13.75	20,00	2
KN61	6.5	50,00	3
KN62	10.0	50,00	6
KN63	0.25	28,00	3
KN64	19.75	6,00	7
JN1	16.0	50,00	4
JN2	16.5	50,00	6
JN3	18.0	11,00	9
JN4	17.5	50,00	7
JN5	18.25	20,00	5
JN6	19.75	50,00	4
JN7	4.75	47,00	4
JN8	2.25	12,00	6
JN9	20.25	25,00	1
JN10	12.5	50,00	6
JN11	3.5	3,00	7
JN12	2.75	38,00	5
JN13	20.0	50,00	7
JN14	14.5	25,00	8
JN15	1.5	45,00	3
JN16	10.0	30,00	5
JN17	4.0	18,00	7
JN18	25.0	2,00	4
JN19	17.75	50,00	9
JN20	17.0	0,00	2
JN21	22.0	18,00	6
JN22	14.5	13,00	4
JN23	0.25	50,00	4
JN24	6.5	5,00	8
JN25	2.5	50,00	10
JN26	1.5	50,00	1
JN27	10.75	50,00	6
JN28	6.75	44,00	3
JN29	23.0	50,00	6
JN30	10.5	50,00	3
JN31	17.75	29,00	3
JN32	21.25	16,00	7
JN33	10.5	19,00	8
JN34	10.25	43,00	4
JN35	14.25	41,00	1
JN36	9.0	50,00	7
JN37	3.5	14,00	4
JN38	20.75	50,00	5
JN39	25.0	28,00	4
JN40	17.25	31,00	10
JN41	19.25	50,00	5
JN42	2.25	22,00	3
JN43	21.0	10,00	5
JN44	19.25	46,00	8
JN45	0.5	50,00	8
JN46	8.25	50,00	6
JN47	4.75	42,00	5
JN48	19.25	43,00	3
JN49	21.75	23,00	6
JN50	24.75	17,00	7
JN51	6.25	19,00	7
JN52	18.5	33,00	7
JN53	12.5	41,00	2
JN54	22.75	50,00	5
JN55	17.0	50,00	3
JN56	19.75	50,00	1
JN57	24.0	33,00	6
JN58	2.5	50,00	1
JN59	5.25	50,00	9
JN60	2.5	2,00	7
JN61	22.5	50,00	9
JN62	12.75	50,00	9
JN63	21.75	50,00	8
JN64	24.25	50,00	6
IN1	11.75	50,00	9
IN2	12.75	50,00	2
IN3	11.0	49,00	4
IN4	24.25	25,00	5
IN5	24.25	7,00	7
IN6	11.0	19,00	2
IN7	22.0	0,00	5
IN8	14.5	50,00	5
IN9	4.25	11,00	5
IN10	7.75	50,00	1
IN11	22.0	11,00	3
IN12	6.25	50,00	10
IN13	23.75	50,00	8
IN14	24.25	31,00	4
IN15	16.25	19,00	7
IN16	24.5	2,00	9
IN17	2.75	50,00	7
IN18	21.5	50,00	4
IN19	16.75	2,00	9
IN20	5.25	50,00	9
IN21	15.5	13,00	5
IN22	21.75	50,00	4
IN23	8.0	50,00	7
IN24	24.5	50,00	8
IN25	4.0	27,00	1
IN26	4.75	50,00	1
IN27	23.25	50,00	2
IN28	12.0	31,00	5
IN29	18.25	18,00	1
IN30	13.5	40,00	9
IN31	22.25	12,00	3
IN32	20.0	23,00	9
IN33	24.5	50,00	2
IN34	11.5	50,00	8
IN35	18.5	31,00	6
IN36	11.5	50,00	3
IN37	9.0	2,00	4
IN38	24.25	25,00	6
IN39	17.75	12,00	6
IN40	22.5	26,00	7
IN41	16.25	44,00	8
IN42	18.25	36,00	7
IN43	18.5	3,00	6
IN44	0.75	50,00	5
IN45	23.75	50,00	7
IN46	18.75	32,00	5
IN47	8.25	10,00	6
IN48	9.0	19,00	2
IN49	11.0	4,00	6
IN50	9.0	50,00	2
IN51	4.25	3,00	3
IN52	23.0	50,00	6
IN53	3.0	3,00	2
IN54	21.25	46,00	6
IN55	12.75	50,00	6
IN56	20.75	39,00	4
IN57	6.5	50,00	8
IN58	2.0	50,00	6
IN59	4.5	33,00	6
IN60	2.25	50,00	3
IN61	16.0	50,00	4
IN62	21.0	50,00	6
IN63	17.0	25,00	9
IN64	0.0	0,00	7
HN1	23.0	11,00	5
HN2	7.0	36,00	9
HN3	0.0	0,00	3
HN4	7.75	50,00	3
HN5	22.25	50,00	10
HN6	21.5	41,00	8
HN7	1.0	50,00	2
HN8	6.0	50,00	4
HN9	4.5	50,00	2
HN10	1.75	50,00	4
HN11	23.5	50,00	1
HN12	10.25	50,00	4
HN13	24.0	39,00	5
HN14	11.5	50,00	7
HN15	3.25	39,00	3
HN16	18.5	50,00	10
HN17	6.0	49,00	9
HN18	9.75	28,00	3
HN19	14.0	13,00	2
HN20	22.75	45,00	5
HN21	2.0	50,00	8
HN22	0.5	37,00	5
HN23	10.75	50,00	10
HN24	10.25	20,00	6
HN25	2.25	4,00	2
HN26	24.5	23,00	2
HN27	13.0	50,00	2
HN28	9.0	50,00	9
HN29	1.0	50,00	5
HN30	16.25	12,00	5
HN31	13.0	42,00	5
HN32	12.0	33,00	9
HN33	24.5	50,00	3
HN34	1.0	38,00	2
HN35	16.25	2,00	2
HN36	7.25	46,00	7
HN37	21.0	50,00	3
HN38	9.75	50,00	8
HN39	19.25	8,00	8
HN40	3.75	50,00	5
HN41	20.5	50,00	7
HN42	3.5	50,00	4
HN43	13.25	50,00	3
HN44	15.5	12,00	10
HN45	14.5	50,00	1
HN46	12.0	42,00	9
HN47	11.75	40,00	3
HN48	3.75	50,00	1
HN49	7.25	33,00	8
HN50	4.75	4,00	3
HN51	15.5	44,00	4
HN52	23.25	50,00	1
HN53	15.75	50,00	4
HN54	20.5	50,00	10
HN55	3.25	50,00	3
HN56	23.25	25,00	5
HN57	4.0	46,00	7
HN58	0.75	50,00	2
HN59	12.25	34,00	7
HN60	4.75	9,00	6
HN61	8.25	10,00	7
HN62	21.5	45,00	6
HN63	3.0	50,00	7
HN64	17.75	46,00	3
GN1	18.25	3,00	4
GN2	20.0	43,00	10
GN3	24.0	50,00	7
GN4	13.5	50,00	1
GN5	19.0	28,00	3
GN6	18.5	50,00	2
GN7	24.0	50,00	2
GN8	21.0	50,00	5
GN9	16.0	50,00	4
GN10	24.0	50,00	7
GN11	24.0	18,00	6
GN12	5.75	50,00	5
GN13	11.5	19,00	4
GN14	3.25	28,00	9
GN15	23.75	50,00	5
GN16	24.0	50,00	3
GN17	13.75	3,00	9
GN18	22.0	35,00	7
GN19	17.25	7,00	4
GN20	2.75	37,00	9
GN21	4.75	1,00	5
GN22	10.5	3,00	7
GN23	1.25	18,00	3
GN24	1.25	50,00	9
GN25	5.5	50,00	5
GN26	6.0	42,00	1
GN27	4.5	50,00	5
GN28	0.0	0,00	9
GN29	21.0	50,00	5
GN30	22.0	50,00	6
GN31	25.0	50,00	2
GN32	11.0	50,00	7
GN33	0.25	50,00	6
GN34	15.75	50,00	4
GN35	7.75	50,00	6
GN36	22.25	2,00	9
GN37	7.5	50,00	9
GN38	3.75	50,00	9
GN39	2.0	41,00	3
GN40	2.5	46,00	5
GN41	0.5	41,00	5
GN42	4.75	31,00	8
GN43	2.25	50,00	10
GN44	20.0	0,00	3
GN45	24.5	50,00	9
GN46	7.0	43,00	4
GN47	8.25	2,00	2
GN48	0.75	16,00	9
GN49	4.25	50,00	4
GN50	3.0	50,00	6
GN51	14.5	50,00	5
GN52	21.75	50,00	5
GN53	23.0	17,00	5
GN54	20.75	37,00	8
GN55	19.0	50,00	3
GN56	14.0	50,00	7
GN57	2.75	43,00	9
GN58	9.75	50,00	3
GN59	21.0	50,00	2
GN60	23.25	50,00	6
GN61	3.25	50,00	6
GN62	23.25	29,00	5
GN63	24.25	50,00	2
GN64	15.25	8,00	9
FN1	16.0	50,00	7
FN2	1.25	50,00	5
FN3	18.25	24,00	7
FN4	9.75	50,00	4
FN5	7.25	50,00	4
FN6	14.25	20,00	4
FN7	9.25	43,00	3
FN8	15.25	21,00	8
FN9	2.0	20,00	4
FN10	21.5	33,00	9
FN11	13.5	50,00	3
FN12	16.75	50,00	9
FN13	0.0	0,00	6
FN14	2.5	50,00	4
FN15	19.5	18,00	8
FN16	9.5	50,00	2
FN17	21.0	3,00	2
FN18	4.0	50,00	8
FN19	16.5	50,00	2
FN20	3.25	50,00	2
FN21	9.75	50,00	4
FN22	20.75	28,00	7
FN23	1.0	50,00	10
FN24	2.5	9,00	7
FN25	22.5	50,00	7
FN26	10.75	50,00	7
FN27	19.75	11,00	2
FN28	8.25	50,00	8
FN29	12.5	29,00	4
FN30	11.0	50,00	9
FN31	2.0	4,00	9
FN32	11.25	13,00	6
FN33	6.75	25,00	5
FN34	15.25	21,00	5
FN35	13.0	50,00	5
FN36	5.0	50,00	3
FN37	1.0	50,00	8
FN38	8.0	35,00	4
FN39	11.25	50,00	5
FN40	8.25	50,00	4
FN41	10.5	50,00	5
FN42	4.75	50,00	4
FN43	4.25	50,00	7
FN44	4.5	42,00	7
FN45	4.25	50,00	6
FN46	4.75	0,00	7
FN47	6.0	50,00	6
FN48	21.5	50,00	8
FN49	6.0	50,00	4
FN50	0.75	50,00	6
FN51	5.25	50,00	3
FN52	18.5	20,00	1
FN53	13.25	50,00	10
FN54	13.25	50,00	10
FN55	3.25	50,00	7
FN56	9.5	50,00	2
FN57	5.25	50,00	2
FN58	24.25	36,00	7
FN59	16.5	38,00	2
FN60	14.75	17,00	8
FN61	18.5	50,00	7
FN62	19.0	9,00	8
FN63	17.5	50,00	8
FN64	23.5	50,00	10
EN1	15.0	4,00	1
EN2	17.25	50,00	4
EN3	8.75	50,00	9
EN4	13.75	50,00	6
EN5	23.25	10,00	1
EN6	3.5	50,00	7
EN7	7.0	18,00	5
EN8	6.25	50,00	10
EN9	1.75	30,00	2
EN10	21.75	30,00	3
EN11	24.5	50,00	9
EN12	24.75	50,00	8
EN13	4.5	7,00	8
EN14	22.25	50,00	8
EN15	6.25	26,00	4
EN16	5.0	50,00	2
EN17	23.25	50,00	8
EN18	1.75	46,00	8
EN19	2.5	50,00	2
EN20	4.25	50,00	1
EN21	21.5	37,00	9
EN22	22.75	50,00	7
EN23	5.75	38,00	7
EN24	11.0	50,00	3
EN25	20.5	50,00	3
EN26	1.5	50,00	4
EN27	20.0	50,00	3
EN28	0.75	50,00	7
EN29	2.25	14,00	3
EN30	2.75	50,00	5
EN31	18.25	50,00	7
EN32	11.0	18,00	9
EN33	19.25	0,00	6
EN34	18.25	19,00	4
EN35	12.0	50,00	8
EN36	2.75	50,00	8
EN37	4.25	50,00	2
EN38	11.75	31,00	2
EN39	6.75	21,00	2
EN40	9.25	50,00	3
EN41	19.0	50,00	6
EN42	9.75	33,00	5
EN43	1.25	18,00	5
EN44	16.75	50,00	7
EN45	11.0	50,00	2
EN46	22.0	11,00	8
EN47	20.5	50,00	8
EN48	9.5	50,00	2
EN49	7.0	50,00	2
EN50	15.0	21,00	2
EN51	14.5	50,00	3
EN52	11.0	25,00	7
EN53	22.0	50,00	8
EN54	18.0	46,00	3
EN55	7.25	50,00	3
EN56	6.5	50,00	10
EN57	12.5	50,00	8
EN58	8.25	24,00	4
EN59	23.0	50,00	9
EN60	6.5	30,00	7
EN61	15.0	44,00	5
EN62	21.0	50,00	6
EN63	8.5	34,00	7
EN64	15.0	50,00	9
DN1	25.0	50,00	3
DN2	11.5	50,00	9
DN3	5.0	11,00	4
DN4	13.75	50,00	7
DN5	24.75	17,00	4
DN6	23.75	50,00	3
DN7	17.0	50,00	4
DN8	21.75	50,00	5
DN9	8.75	50,00	1
DN10	19.75	39,00	7
DN11	24.5	50,00	4
DN12	17.0	5,00	6
DN13	23.75	50,00	3
DN14	24.0	50,00	1
DN15	17.0	50,00	7
DN16	0.5	28,00	9
DN17	21.75	28,00	7
DN18	23.5	37,00	4
DN19	10.75	1,00	6
DN20	8.0	32,00	9
DN21	19.25	50,00	9
DN22	16.5	50,00	5
DN23	1.0	50,00	8
DN24	15.5	26,00	2
DN25	3.5	0,00	4
DN26	4.5	50,00	6
DN27	1.25	2,00	3
DN28	14.0	50,00	5
DN29	13.25	50,00	9
DN30	18.75	50,00	7
DN31	17.5	50,00	2
DN32	13.0	50,00	6
DN33	13.5	13,00	7
DN34	15.25	48,00	1
DN35	15.5	50,00	2
DN36	8.75	50,00	5
DN37	20.25	50,00	3
DN38	4.0	40,00	7
DN39	6.25	50,00	6
DN40	16.0	39,00	6
DN41	15.25	32,00	9
DN42	11.75	50,00	8
DN43	7.25	50,00	8
DN44	9.5	50,00	8
DN45	11.0	50,00	6
DN46	4.75	50,00	2
DN47	18.25	33,00	4
DN48	6.75	36,00	6
DN49	23.25	50,00	9
DN50	16.5	50,00	3
DN51	8.25	50,00	10
DN52	18.5	50,00	3
DN53	10.25	50,00	2
DN54	18.75	44,00	5
DN55	6.5	7,00	2
DN56	4.25	42,00	6
DN57	2.75	50,00	9
DN58	9.5	16,00	6
DN59	18.75	21,00	7
DN60	18.75	50,00	9
DN61	4.25	50,00	9
DN62	23.5	41,00	9
DN63	2.5	50,00	6
DN64	3.75	50,00	10
CN1	21.25	50,00	3
CN2	17.5	50,00	1
CN3	16.25	50,00	2
CN4	21.0	32,00	3
CN5	23.5	50,00	5
CN6	17.75	48,00	6
CN7	4.5	20,00	10
CN8	23.75	41,00	9
CN9	2.75	50,00	9
CN10	13.0	50,00	5
CN11	9.0	27,00	9
CN12	12.25	12,00	2
CN13	19.0	50,00	8
CN14	4.0	47,00	4
CN15	19.0	44,00	5
CN16	20.25	50,00	3
CN17	4.0	50,00	5
CN18	0.75	25,00	4
CN19	12.0	11,00	2
CN20	12.75	27,00	5
CN21	11.75	3,00	4
CN22	23.75	27,00	5
CN23	7.0	19,00	7
CN24	20.5	50,00	2
CN25	20.25	17,00	2
CN26	21.25	39,00	8
CN27	11.0	50,00	3
CN28	1.75	27,00	10
CN29	20.75	13,00	6
CN30	16.5	50,00	8
CN31	8.25	10,00	8
CN32	23.5	50,00	2
CN33	23.0	6,00	2
CN34	4.5	16,00	6
CN35	5.75	50,00	10
CN36	12.75	19,00	1
CN37	7.75	36,00	7
CN38	10.0	36,00	5
CN39	3.75	7,00	8
CN40	10.75	15,00	1
CN41	13.75	12,00	8
CN42	24.5	47,00	5
CN43	10.25	50,00	3
CN44	16.5	41,00	8
CN45	12.0	40,00	9
CN46	15.25	50,00	1
CN47	9.75	50,00	5
CN48	2.25	50,00	2
CN49	21.25	40,00	3
CN50	19.75	39,00	3
CN51	11.25	49,00	4
CN52	5.75	38,00	9
CN53	23.0	30,00	9
CN54	1.25	5,00	4
CN55	19.75	35,00	5
CN56	5.75	50,00	1
CN57	13.5	14,00	6
CN58	18.0	43,00	7
CN59	4.75	50,00	9
CN60	13.75	28,00	7
CN61	2.0	14,00	6
CN62	14.25	50,00	9
CN63	3.75	14,00	5
CN64	18.5	42,00	5
BN1	1.0	44,00	3
BN2	20.0	16,00	8
BN3	21.5	36,00	9
BN4	15.5	50,00	3
BN5	15.0	29,00	6
BN6	20.5	50,00	2
BN7	21.0	50,00	5
BN8	8.25	9,00	2
BN9	4.0	47,00	10
BN10	15.25	10,00	4
BN11	20.5	50,00	10
BN12	9.0	16,00	7
BN13	20.75	50,00	4
BN14	5.25	30,00	7
BN15	7.5	50,00	2
BN16	23.0	50,00	7
BN17	0.0	0,00	7
BN18	1.5	49,00	5
BN19	7.75	50,00	6
BN20	12.25	50,00	8
BN21	17.5	50,00	9
BN22	22.0	50,00	5
BN23	20.5	50,00	7
BN24	20.0	50,00	2
BN25	16.25	50,00	6
BN26	15.25	50,00	3
BN27	15.0	34,00	6
BN28	10.5	50,00	7
BN29	7.5	48,00	7
BN30	4.25	13,00	6
BN31	6.5	50,00	3
BN32	25.0	31,00	7
BN33	16.75	36,00	3
BN34	4.0	16,00	6
BN35	6.25	24,00	2
BN36	24.25	36,00	2
BN37	12.75	24,00	7
BN38	1.5	50,00	8
BN39	11.75	8,00	10
BN40	22.5	23,00	7
BN41	11.25	47,00	10
BN42	19.5	38,00	9
BN43	16.75	50,00	5
BN44	0.25	50,00	7
BN45	18.75	19,00	7
BN46	17.5	10,00	10
BN47	17.0	18,00	4
BN48	4.5	34,00	9
BN49	0.5	11,00	10
BN50	17.25	50,00	5
BN51	24.75	50,00	5
BN52	7.75	50,00	10
BN53	17.0	29,00	10
BN54	14.75	50,00	3
BN55	1.0	1,00	4
BN56	15.75	45,00	5
BN57	20.75	50,00	8
BN58	4.5	45,00	3
BN59	24.0	50,00	6
BN60	22.0	5,00	1
BN61	9.5	38,00	6
BN62	12.0	50,00	2
BN63	7.0	50,00	2
BN64	2.25	7,00	3
AN1	14.5	50,00	4
AN2	16.75	50,00	3
AN3	11.0	35,00	4
AN4	23.75	15,00	5
AN5	9.0	50,00	3
AN6	20.0	12,00	2
AN7	20.0	40,00	2
AN8	4.75	18,00	8
AN9	5.0	50,00	6
AN10	16.5	50,00	4
AN11	14.5	50,00	5
AN12	9.25	50,00	10
AN13	8.75	50,00	10
AN14	3.5	30,00	7
AN15	23.5	35,00	6
AN16	24.5	34,00	9
AN17	11.0	9,00	7
AN18	15.25	50,00	2
AN19	21.75	43,00	6
AN20	20.25	43,00	7
AN21	21.0	8,00	8
AN22	9.25	37,00	2
AN23	7.75	50,00	5
AN24	23.0	50,00	3
AN25	18.25	11,00	5
AN26	23.5	36,00	7
AN27	17.5	20,00	3
AN28	2.5	14,00	7
AN29	19.75	50,00	5
AN30	0.75	50,00	6
AN31	3.75	50,00	6
AN32	2.0	50,00	2
AN33	7.25	50,00	2
AN34	13.5	4,00	1
AN35	23.25	50,00	8
AN36	22.25	8,00	9
AN37	22.75	30,00	7
AN38	11.25	22,00	2
AN39	4.5	50,00	5
AN40	24.5	11,00	9
AN41	16.0	45,00	2
AN42	14.75	27,00	5
AN43	18.25	32,00	9
AN44	3.0	50,00	4
AN45	12.5	6,00	5
AN46	14.75	27,00	8
AN47	17.0	50,00	9
AN48	18.75	5,00	7
AN49	23.25	15,00	8
AN50	17.0	50,00	6
AN51	18.0	50,00	5
AN52	3.75	46,00	10
AN53	18.0	50,00	6
AN54	7.5	50,00	5
AN55	9.5	50,00	2
AN56	14.5	29,00	7
AN57	20.25	50,00	3
AN58	6.75	50,00	2
AN59	1.75	50,00	4
AN60	13.25	15,00	9
AN61	19.0	50,00	2
AN62	1.25	21,00	1
AN63	16.75	50,00	3
AN64	12.75	50,00	4
BS1	18.5	50,00	3
BS2	5.5	50,00	2
BS3	5.75	50,00	9
BS4	15.0	36,00	10
BS5	9.75	33,00	6
BS6	20.25	31,00	10
BS7	1.0	46,00	4
BS8	25.0	35,00	7
BS9	24.75	14,00	9
BS10	21.0	50,00	3
BS11	4.25	50,00	6
BS12	19.5	4,00	10
BS13	17.75	36,00	2
BS14	20.0	43,00	7
BS15	21.75	45,00	9
BS16	23.5	50,00	5
BS17	16.25	50,00	8
BS18	15.25	9,00	4
BS19	18.25	35,00	1
BS20	18.75	12,00	8
BS21	2.5	50,00	5
BS22	13.25	15,00	1
BS23	24.25	50,00	7
BS24	0.75	50,00	7
BS25	11.0	0,00	1
BS26	18.75	50,00	4
BS27	2.25	50,00	7
BS28	6.75	50,00	10
BS29	21.75	2,00	7
BS30	23.0	50,00	7
BS31	9.0	50,00	2
BS32	15.5	39,00	8
BS33	4.0	22,00	2
BS34	24.75	50,00	4
BS35	14.5	50,00	5
BS36	4.75	50,00	8
BS37	22.5	40,00	7
BS38	17.5	34,00	8
BS39	11.75	50,00	2
BS40	9.5	50,00	3
BS41	3.0	50,00	7
BS42	10.0	50,00	10
BS43	10.25	50,00	9
BS44	19.25	17,00	10
BS45	7.0	50,00	3
BS46	10.75	50,00	9
BS47	9.0	50,00	5
BS48	17.75	0,00	7
BS49	19.0	41,00	2
BS50	4.75	50,00	2
BS51	23.5	39,00	1
BS52	16.75	27,00	4
BS53	25.0	50,00	7
BS54	15.25	41,00	4
BS55	0.0	0,00	10
BS56	8.5	50,00	7
BS57	6.75	19,00	2
BS58	16.5	50,00	8
BS59	17.0	50,00	9
BS60	24.0	50,00	3
BS61	18.75	50,00	7
BS62	21.25	50,00	2
BS63	14.0	50,00	8
BS64	18.75	1,00	4
CS1	8.0	28,00	2
CS2	20.25	50,00	1
CS3	24.0	50,00	3
CS4	3.0	50,00	6
CS5	22.0	32,00	5
CS6	1.75	50,00	2
CS7	3.0	49,00	4
CS8	11.25	50,00	7
CS9	15.0	50,00	6
CS10	7.75	32,00	6
CS11	3.5	50,00	4
CS12	22.25	46,00	8
CS13	17.25	8,00	8
CS14	7.0	28,00	2
CS15	13.5	33,00	3
CS16	25.0	26,00	1
CS17	3.75	50,00	6
CS18	20.75	20,00	7
CS19	20.5	37,00	6
CS20	8.25	50,00	8
CS21	19.25	50,00	4
CS22	4.75	26,00	7
CS23	4.5	25,00	3
CS24	13.25	3,00	9
CS25	20.5	50,00	9
CS26	20.75	50,00	5
CS27	2.5	50,00	2
CS28	16.5	43,00	10
CS29	2.5	50,00	5
CS30	22.0	50,00	7
CS31	18.0	48,00	4
CS32	0.0	0,00	5
CS33	21.0	50,00	4
CS34	10.5	40,00	2
CS35	7.0	27,00	7
CS36	12.75	45,00	3
CS37	25.0	50,00	2
CS38	5.75	30,00	1
CS39	10.0	50,00	3
CS40	14.75	50,00	6
CS41	21.25	50,00	2
CS42	23.75	50,00	5
CS43	9.75	38,00	4
CS44	20.75	50,00	4
CS45	4.5	22,00	6
CS46	22.5	33,00	5
CS47	8.25	50,00	3
CS48	19.5	50,00	9
CS49	15.5	50,00	7
CS50	5.25	3,00	2
CS51	3.25	19,00	2
CS52	11.5	17,00	9
CS53	16.25	11,00	6
CS54	21.75	50,00	4
CS55	17.5	50,00	4
CS56	4.0	50,00	1
CS57	7.0	27,00	5
CS58	15.5	50,00	6
CS59	16.75	5,00	8
CS60	4.25	18,00	7
CS61	24.5	50,00	8
CS62	0.75	16,00	1
CS63	0.5	50,00	9
CS64	2.75	26,00	7
DS1	22.5	50,00	8
DS2	18.0	50,00	6
DS3	24.5	50,00	4
DS4	18.25	18,00	2
DS5	5.0	25,00	8
DS6	9.25	37,00	8
DS7	20.75	24,00	9
DS8	13.0	50,00	3
DS9	16.0	50,00	6
DS10	19.0	50,00	8
DS11	18.5	50,00	8
DS12	3.0	50,00	1
DS13	17.75	50,00	9
DS14	10.25	50,00	6
DS15	9.75	40,00	5
DS16	14.5	50,00	7
DS17	0.0	0,00	3
DS18	8.25	50,00	3
DS19	2.25	36,00	3
DS20	6.5	50,00	2
DS21	9.75	50,00	5
DS22	8.5	50,00	6
DS23	7.75	8,00	9
DS24	6.0	50,00	10
DS25	17.75	50,00	5
DS26	7.5	38,00	4
DS27	16.5	50,00	1
DS28	13.5	50,00	1
DS29	5.75	25,00	9
DS30	20.5	7,00	4
DS31	5.0	50,00	5
DS32	15.75	50,00	5
DS33	4.25	38,00	9
DS34	9.25	13,00	5
DS35	15.75	2,00	10
DS36	3.75	50,00	1
DS37	1.0	50,00	5
DS38	7.5	28,00	1
DS39	17.5	29,00	2
DS40	19.25	8,00	7
DS41	21.25	23,00	6
DS42	4.5	50,00	7
DS43	23.5	50,00	6
DS44	5.5	49,00	8
DS45	0.25	50,00	3
DS46	15.0	33,00	9
DS47	14.0	50,00	4
DS48	8.25	50,00	2
DS49	20.5	50,00	4
DS50	18.5	12,00	9
DS51	17.5	6,00	2
DS52	21.0	17,00	3
DS53	5.25	50,00	8
DS54	20.5	10,00	4
DS55	14.75	27,00	9
DS56	6.0	50,00	4
DS57	7.5	50,00	4
DS58	13.25	50,00	10
DS59	11.75	50,00	4
DS60	18.5	25,00	1
DS61	8.5	35,00	3
DS62	21.75	40,00	4
DS63	16.25	50,00	5
DS64	7.75	1,00	5
ES1	24.25	22,00	4
ES2	16.25	23,00	8
ES3	0.5	50,00	2
ES4	7.75	50,00	5
ES5	5.5	40,00	8
ES6	12.75	25,00	9
ES7	24.5	23,00	9
ES8	8.5	50,00	2
ES9	10.25	14,00	9
ES10	19.75	32,00	2
ES11	16.5	50,00	10
ES12	23.25	50,00	3
ES13	0.75	14,00	5
ES14	5.75	14,00	6
ES15	14.25	50,00	8
ES16	7.5	4,00	10
ES17	0.25	50,00	4
ES18	24.0	50,00	7
ES19	8.5	50,00	4
ES20	23.0	50,00	7
ES21	0.5	7,00	5
ES22	15.25	21,00	9
ES23	10.25	25,00	7
ES24	11.75	28,00	7
ES25	0.25	50,00	9
ES26	3.75	40,00	3
ES27	2.25	49,00	5
ES28	18.75	50,00	7
ES29	9.25	50,00	10
ES30	24.0	29,00	6
ES31	17.25	8,00	9
ES32	20.0	50,00	8
ES33	15.75	31,00	5
ES34	13.5	50,00	6
ES35	9.5	50,00	2
ES36	2.25	50,00	2
ES37	11.25	10,00	4
ES38	9.75	26,00	9
ES39	10.75	50,00	5
ES40	19.5	50,00	9
ES41	13.5	50,00	6
ES42	18.75	50,00	9
ES43	14.75	50,00	9
ES44	23.0	47,00	2
ES45	13.25	50,00	5
ES46	15.75	10,00	3
ES47	0.75	50,00	6
ES48	11.25	31,00	4
ES49	0.25	50,00	7
ES50	7.0	23,00	7
ES51	17.25	50,00	8
ES52	18.5	50,00	3
ES53	20.75	8,00	10
ES54	2.0	50,00	5
ES55	20.0	50,00	4
ES56	17.0	50,00	7
ES57	10.75	50,00	10
ES58	7.25	42,00	3
ES59	18.5	23,00	1
ES60	18.5	50,00	8
ES61	6.0	13,00	9
ES62	4.0	22,00	6
ES63	6.5	41,00	1
ES64	12.5	50,00	7
FS1	5.5	29,00	10
FS2	3.25	50,00	9
FS3	21.75	50,00	3
FS4	10.25	45,00	2
FS5	11.5	50,00	8
FS6	19.5	50,00	5
FS7	1.25	36,00	4
FS8	6.0	50,00	8
FS9	5.25	42,00	3
FS10	11.25	2,00	5
FS11	18.5	50,00	5
FS12	18.5	50,00	6
FS13	24.5	50,00	7
FS14	11.75	31,00	7
FS15	16.0	5,00	5
FS16	23.5	6,00	7
FS17	25.0	50,00	8
FS18	18.75	11,00	4
FS19	20.25	50,00	1
FS20	7.0	50,00	6
FS21	11.0	33,00	9
FS22	18.25	24,00	2
FS23	22.0	50,00	8
FS24	22.5	23,00	1
FS25	21.75	15,00	5
FS26	15.5	50,00	4
FS27	20.5	50,00	1
FS28	15.25	37,00	4
FS29	6.75	50,00	10
FS30	8.0	50,00	3
FS31	16.25	50,00	6
FS32	18.75	39,00	6
FS33	11.25	50,00	4
FS34	5.0	50,00	10
FS35	7.0	21,00	5
FS36	23.25	38,00	5
FS37	9.5	21,00	3
FS38	17.5	50,00	3
FS39	17.75	29,00	9
FS40	3.0	50,00	3
FS41	22.75	32,00	6
FS42	11.5	43,00	5
FS43	23.75	50,00	4
FS44	21.25	13,00	4
FS45	17.0	13,00	3
FS46	23.25	48,00	2
FS47	14.5	50,00	6
FS48	22.0	50,00	5
FS49	11.0	22,00	8
FS50	8.25	44,00	8
FS51	12.75	36,00	8
FS52	17.5	50,00	4
FS53	11.0	12,00	3
FS54	15.5	30,00	4
FS55	5.25	14,00	10
FS56	12.75	3,00	2
FS57	17.25	50,00	3
FS58	22.0	50,00	1
FS59	1.75	50,00	5
FS60	18.25	50,00	1
FS61	21.5	25,00	5
FS62	18.75	50,00	4
FS63	16.5	29,00	6
FS64	5.25	50,00	7
GS1	19.5	2,00	3
GS2	1.5	42,00	5
GS3	2.25	41,00	2
GS4	4.0	7,00	7
GS5	7.25	50,00	3
GS6	10.0	22,00	4
GS7	0.0	0,00	9
GS8	16.75	39,00	7
GS9	13.0	50,00	5
GS10	17.0	26,00	6
GS11	18.0	37,00	3
GS12	0.0	0,00	8
GS13	4.0	50,00	3
GS14	24.0	12,00	3
GS15	7.75	35,00	7
GS16	10.0	43,00	8
GS17	23.75	50,00	3
GS18	11.75	20,00	6
GS19	24.5	19,00	2
GS20	24.25	50,00	4
GS21	8.75	50,00	2
GS22	0.0	0,00	8
GS23	6.25	31,00	7
GS24	15.25	48,00	8
GS25	23.25	6,00	1
GS26	18.0	50,00	1
GS27	1.25	50,00	3
GS28	23.25	24,00	8
GS29	13.25	29,00	4
GS30	4.25	39,00	9
GS31	22.0	22,00	1
GS32	14.25	37,00	5
GS33	22.25	44,00	4
GS34	17.75	50,00	4
GS35	17.0	27,00	7
GS36	20.25	50,00	3
GS37	0.0	0,00	7
GS38	15.5	50,00	10
GS39	11.75	32,00	7
GS40	24.0	50,00	2
GS41	17.25	32,00	8
GS42	19.0	14,00	3
GS43	7.5	20,00	5
GS44	23.25	50,00	3
GS45	20.0	50,00	3
GS46	21.5	40,00	2
GS47	12.0	34,00	2
GS48	23.25	50,00	6
GS49	4.5	17,00	4
GS50	19.5	50,00	5
GS51	15.75	50,00	6
GS52	21.75	50,00	5
GS53	1.75	40,00	8
GS54	5.25	2,00	8
GS55	4.5	50,00	3
GS56	15.0	3,00	3
GS57	3.25	50,00	8
GS58	18.0	17,00	4
GS59	18.75	12,00	1
GS60	18.5	20,00	10
GS61	6.0	50,00	2
GS62	23.75	4,00	10
GS63	7.75	8,00	6
GS64	8.75	50,00	9
HS1	8.0	8,00	5
HS2	3.25	21,00	2
HS3	19.75	50,00	9
HS4	7.0	50,00	5
HS5	5.0	50,00	9
HS6	1.75	50,00	9
HS7	23.0	50,00	6
HS8	4.0	5,00	8
HS9	4.25	50,00	9
HS10	19.25	8,00	7
HS11	23.5	50,00	4
HS12	2.5	14,00	5
HS13	17.5	2,00	7
HS14	3.75	50,00	6
HS15	3.5	36,00	3
HS16	17.5	6,00	7
HS17	7.5	50,00	9
HS18	1.0	50,00	7
HS19	6.25	50,00	10
HS20	3.25	40,00	5
HS21	15.5	50,00	3
HS22	19.75	50,00	9
HS23	22.25	39,00	9
HS24	0.25	50,00	10
HS25	12.75	50,00	8
HS26	17.25	50,00	5
HS27	13.75	46,00	1
HS28	23.0	50,00	5
HS29	20.0	6,00	5
HS30	12.75	50,00	4
HS31	5.25	47,00	6
HS32	4.75	50,00	5
HS33	10.0	50,00	8
HS34	24.0	35,00	6
HS35	7.5	50,00	9
HS36	12.5	38,00	5
HS37	17.5	11,00	6
HS38	5.75	50,00	4
HS39	3.0	50,00	9
HS40	24.75	26,00	10
HS41	16.25	50,00	1
HS42	3.75	33,00	8
HS43	11.25	32,00	8
HS44	24.75	50,00	6
HS45	20.75	2,00	3
HS46	15.25	50,00	8
HS47	6.25	50,00	8
HS48	13.5	50,00	6
HS49	8.5	47,00	4
HS50	11.25	20,00	9
HS51	8.5	50,00	2
HS52	23.25	50,00	1
HS53	25.0	50,00	7
HS54	22.5	39,00	9
HS55	6.25	50,00	10
HS56	16.25	50,00	4
HS57	4.25	50,00	9
HS58	5.5	28,00	9
HS59	10.25	47,00	5
HS60	4.75	0,00	3
HS61	17.0	50,00	3
HS62	1.25	5,00	9
HS63	2.75	45,00	8
HS64	3.25	50,00	8
IS1	10.0	50,00	10
IS2	7.25	12,00	7
IS3	6.0	42,00	10
IS4	0.25	50,00	5
IS5	0.5	22,00	3
IS6	8.5	12,00	6
IS7	18.0	50,00	6
IS8	9.25	34,00	2
IS9	16.25	50,00	5
IS10	21.25	50,00	10
IS11	0.75	16,00	8
IS12	8.0	50,00	5
IS13	10.25	50,00	3
IS14	15.25	4,00	10
IS15	7.5	50,00	10
IS16	23.0	50,00	9
IS17	3.25	50,00	5
IS18	1.25	20,00	9
IS19	18.0	42,00	6
IS20	12.25	34,00	7
IS21	11.75	50,00	4
IS22	23.75	50,00	8
IS23	17.0	21,00	6
IS24	21.5	50,00	1
IS25	21.75	45,00	8
IS26	12.0	50,00	8
IS27	7.25	50,00	2
IS28	5.75	50,00	1
IS29	25.0	50,00	3
IS30	13.25	50,00	9
IS31	5.75	50,00	7
IS32	9.0	4,00	1
IS33	23.5	50,00	7
IS34	20.75	49,00	6
IS35	24.5	36,00	8
IS36	6.5	34,00	5
IS37	6.25	50,00	9
IS38	17.5	50,00	6
IS39	7.75	50,00	6
IS40	12.5	11,00	3
IS41	19.75	50,00	4
IS42	18.5	50,00	2
IS43	8.0	21,00	9
IS44	19.5	50,00	8
IS45	13.5	47,00	4
IS46	17.0	50,00	6
IS47	9.0	50,00	3
IS48	4.5	47,00	7
IS49	6.25	50,00	2
IS50	13.25	50,00	9
IS51	10.75	43,00	5
IS52	2.0	50,00	7
IS53	24.0	23,00	9
IS54	11.75	5,00	1
IS55	21.5	41,00	5
IS56	4.25	40,00	6
IS57	18.25	14,00	3
IS58	5.75	50,00	4
IS59	20.75	50,00	1
IS60	23.5	26,00	5
IS61	19.75	32,00	5
IS62	19.75	22,00	2
IS63	0.75	35,00	2
IS64	1.75	50,00	8
JS1	15.75	50,00	10
JS2	5.75	18,00	1
JS3	18.25	50,00	6
JS4	3.5	50,00	8
JS5	2.0	50,00	4
JS6	3.5	27,00	4
JS7	23.5	50,00	8
JS8	24.0	50,00	5
JS9	6.25	44,00	9
JS10	8.25	4,00	9
JS11	17.0	50,00	8
JS12	20.75	14,00	6
JS13	2.0	50,00	5
JS14	9.75	35,00	5
JS15	5.75	50,00	1
JS16	4.0	50,00	3
JS17	9.25	47,00	6
JS18	4.0	48,00	3
JS19	20.5	50,00	1
JS20	5.5	50,00	8
JS21	18.5	6,00	8
JS22	7.5	50,00	7
JS23	19.5	6,00	3
JS24	3.75	44,00	9
JS25	10.0	35,00	2
JS26	4.5	50,00	8
JS27	6.0	17,00	5
JS28	22.25	26,00	9
JS29	13.25	31,00	2
JS30	2.0	49,00	1
JS31	0.5	36,00	2
JS32	15.75	8,00	8
JS33	1.5	50,00	1
JS34	17.75	36,00	7
JS35	7.75	2,00	7
JS36	21.5	48,00	3
JS37	3.0	33,00	8
JS38	20.75	7,00	6
JS39	16.0	50,00	1
JS40	7.0	50,00	1
JS41	13.0	24,00	6
JS42	16.25	50,00	4
JS43	19.25	50,00	2
JS44	22.25	11,00	4
JS45	19.25	50,00	4
JS46	9.0	50,00	6
JS47	23.25	50,00	6
JS48	22.0	16,00	5
JS49	18.5	27,00	9
JS50	1.0	40,00	7
JS51	23.0	14,00	7
JS52	1.0	50,00	7
JS53	10.25	43,00	4
JS54	23.5	50,00	8
JS55	1.0	0,00	8
JS56	11.25	50,00	4
JS57	11.0	50,00	7
JS58	12.0	50,00	9
JS59	14.25	20,00	6
JS60	3.75	49,00	6
JS61	21.0	38,00	8
JS62	18.75	39,00	7
JS63	22.75	50,00	7
JS64	24.0	50,00	8
KS1	22.25	31,00	2
KS2	21.75	50,00	4
KS3	3.75	50,00	10
KS4	23.25	45,00	7
KS5	12.25	3,00	6
KS6	5.75	17,00	8
KS7	10.25	28,00	8
KS8	15.0	43,00	2
KS9	8.5	50,00	2
KS10	10.5	4,00	8
KS11	8.0	50,00	9
KS12	16.5	50,00	9
KS13	16.0	50,00	3
KS14	15.5	27,00	8
KS15	9.75	18,00	9
KS16	14.5	50,00	6
KS17	0.5	33,00	6
KS18	15.5	50,00	7
KS19	1.75	50,00	9
KS20	0.5	50,00	9
KS21	1.5	34,00	6
KS22	4.0	50,00	5
KS23	8.5	50,00	7
KS24	4.25	50,00	6
KS25	21.5	50,00	2
KS26	13.5	11,00	3
KS27	0.75	33,00	3
KS28	6.25	38,00	6
KS29	13.5	50,00	5
KS30	4.0	44,00	8
KS31	21.5	15,00	3
KS32	6.25	50,00	7
KS33	6.25	50,00	2
KS34	22.25	50,00	10
KS35	11.5	50,00	6
KS36	13.0	50,00	3
KS37	15.5	24,00	8
KS38	11.5	50,00	7
KS39	8.25	50,00	9
KS40	16.25	50,00	10
KS41	23.75	50,00	4
KS42	12.5	50,00	7
KS43	5.75	50,00	9
KS44	19.25	18,00	2
KS45	15.0	50,00	3
KS46	4.25	50,00	9
KS47	11.0	50,00	4
KS48	2.0	50,00	9
KS49	7.5	27,00	3
KS50	8.5	50,00	6
KS51	20.0	50,00	3
KS52	23.75	50,00	2
KS53	18.5	22,00	5
KS54	25.0	33,00	7
KS55	5.75	40,00	2
KS56	12.0	50,00	9
KS57	24.25	23,00	8
KS58	1.75	22,00	4
KS59	19.25	50,00	7
KS60	9.5	50,00	5
KS61	22.25	9,00	8
KS62	23.25	30,00	4
KS63	3.0	13,00	4
KS64	20.25	50,00	4
LS1	13.0	10,00	7
LS2	19.75	26,00	7
LS3	20.25	27,00	4
LS4	1.0	12,00	9
LS5	8.0	50,00	5
LS6	17.0	50,00	4
LS7	24.5	18,00	6
LS8	24.0	50,00	4
LS9	13.25	50,00	9
LS10	13.5	50,00	4
LS11	21.25	22,00	7
LS12	16.5	50,00	10
LS13	9.75	50,00	10
LS14	21.5	50,00	8
LS15	24.5	50,00	8
LS16	6.25	50,00	9
LS17	9.75	50,00	3
LS18	18.25	50,00	9
LS19	21.5	50,00	9
LS20	0.5	50,00	8
LS21	2.75	49,00	9
LS22	18.5	50,00	7
LS23	4.75	50,00	3
LS24	10.25	27,00	8
LS25	13.5	0,00	3
LS26	10.0	4,00	9
LS27	17.75	27,00	9
LS28	24.5	15,00	2
LS29	2.0	50,00	4
LS30	9.0	50,00	10
LS31	22.5	50,00	9
LS32	5.5	7,00	9
LS33	2.0	50,00	4
LS34	2.5	50,00	8
LS35	20.0	6,00	9
LS36	22.75	35,00	2
LS37	3.25	50,00	10
LS38	24.5	50,00	3
LS39	0.75	50,00	6
LS40	8.75	5,00	3
LS41	0.25	10,00	5
LS42	22.75	50,00	2
LS43	12.5	50,00	9
LS44	16.75	50,00	2
LS45	15.5	50,00	6
LS46	9.25	4,00	3
LS47	12.0	18,00	1
LS48	19.75	50,00	6
LS49	9.0	50,00	7
LS50	13.5	50,00	4
LS51	17.75	50,00	3
LS52	9.5	50,00	1
LS53	11.25	50,00	10
LS54	11.75	5,00	7
LS55	22.0	50,00	5
LS56	24.75	18,00	10
LS57	2.5	16,00	9
LS58	24.25	38,00	5
LS59	20.25	50,00	3
LS60	10.5	23,00	5
LS61	1.0	43,00	10
LS62	3.5	42,00	6
LS63	8.75	8,00	9
LS64	20.75	50,00	1
MS1	15.5	38,00	5
MS2	18.0	15,00	3
MS3	2.25	45,00	5
MS4	15.75	50,00	10
MS5	21.25	37,00	7
MS6	7.5	50,00	1
MS7	6.0	50,00	7
MS8	16.0	12,00	9
MS9	23.75	6,00	10
MS10	21.0	6,00	2
MS11	9.0	50,00	4
MS12	11.75	6,00	2
MS13	6.0	50,00	1
MS14	16.25	50,00	7
MS15	16.25	4,00	9
MS16	6.0	50,00	4
MS17	7.75	50,00	9
MS18	7.25	50,00	5
MS19	0.75	33,00	7
MS20	18.25	47,00	7
MS21	20.25	50,00	5
MS22	15.5	50,00	3
MS23	15.25	35,00	10
MS24	13.75	50,00	2
MS25	14.5	44,00	2
MS26	4.0	50,00	9
MS27	10.75	13,00	9
MS28	1.0	50,00	8
MS29	9.5	50,00	4
MS30	8.25	48,00	4
MS31	24.75	50,00	2
MS32	6.0	27,00	10
MS33	11.0	4,00	2
MS34	24.0	50,00	4
MS35	16.75	50,00	4
MS36	2.25	29,00	3
MS37	9.25	37,00	4
MS38	19.25	44,00	10
MS39	12.0	50,00	9
MS40	15.0	14,00	10
MS41	20.0	50,00	2
MS42	22.25	50,00	10
MS43	10.5	50,00	4
MS44	15.5	50,00	8
MS45	2.5	12,00	7
MS46	10.0	50,00	2
MS47	11.25	1,00	1
MS48	8.5	48,00	2
MS49	11.25	42,00	9
MS50	25.0	49,00	1
MS51	17.25	12,00	7
MS52	7.75	17,00	3
MS53	10.75	50,00	7
MS54	21.25	50,00	6
MS55	5.25	8,00	7
MS56	9.0	43,00	7
MS57	2.0	39,00	5
MS58	9.75	46,00	3
MS59	1.5	50,00	6
MS60	9.25	2,00	6
MS61	17.25	28,00	2
MS62	12.75	50,00	7
MS63	5.75	50,00	9
MS64	10.25	36,00	5
NS1	4.75	50,00	5
NS2	25.0	48,00	2
NS3	6.0	38,00	7
NS4	4.5	50,00	8
NS5	19.0	22,00	2
NS6	4.25	31,00	4
NS7	6.0	50,00	9
NS8	4.25	49,00	2
NS9	9.75	50,00	4
NS10	15.0	33,00	6
NS11	21.75	50,00	5
NS12	12.0	50,00	8
NS13	22.75	50,00	6
NS14	24.25	50,00	6
NS15	5.75	50,00	4
NS16	12.0	41,00	3
NS17	8.5	50,00	3
NS18	2.5	50,00	6
NS19	18.75	50,00	6
NS20	1.75	33,00	5
NS21	13.0	50,00	5
NS22	6.25	50,00	3
NS23	24.75	50,00	3
NS24	11.0	50,00	8
NS25	2.0	31,00	9
NS26	7.5	12,00	6
NS27	5.0	50,00	7
NS28	16.0	22,00	6
NS29	0.25	50,00	3
NS30	6.75	50,00	2
NS31	6.75	50,00	1
NS32	16.0	20,00	4
NS33	19.0	50,00	5
NS34	10.0	7,00	9
NS35	2.25	50,00	8
NS36	12.75	39,00	3
NS37	14.0	10,00	8
NS38	17.75	14,00	3
NS39	5.0	11,00	5
NS40	24.5	31,00	3
NS41	16.75	50,00	10
NS42	9.75	50,00	4
NS43	14.5	48,00	2
NS44	9.0	50,00	5
NS45	6.75	26,00	4
NS46	8.75	50,00	7
NS47	7.0	42,00	9
NS48	13.25	3,00	6
NS49	11.25	35,00	4
NS50	20.0	11,00	9
NS51	22.5	18,00	2
NS52	2.5	50,00	2
NS53	2.75	50,00	9
NS54	16.75	50,00	6
NS55	25.0	50,00	9
NS56	16.25	50,00	8
NS57	18.25	50,00	9
NS58	9.5	50,00	1
NS59	14.75	28,00	4
NS60	13.5	50,00	3
NS61	16.5	49,00	9
NS62	23.25	45,00	6
NS63	3.25	50,00	7
NS64	2.0	44,00	2
OS1	10.0	48,00	8
OS2	1.25	50,00	5
OS3	0.0	0,00	1
OS4	14.25	50,00	4
OS5	9.0	50,00	2
OS6	1.5	50,00	5
OS7	5.0	10,00	10
OS8	24.25	50,00	3
OS9	15.75	26,00	5
OS10	19.5	45,00	3
OS11	25.0	50,00	8
OS12	20.75	3,00	1
OS13	3.75	23,00	4
OS14	16.0	50,00	4
OS15	11.25	5,00	10
OS16	21.0	3,00	6
OS17	24.5	41,00	1
OS18	10.25	43,00	2
OS19	1.75	13,00	5
OS20	7.75	27,00	4
OS21	8.0	50,00	10
OS22	10.25	50,00	6
OS23	14.5	50,00	4
OS24	1.0	50,00	9
OS25	10.75	50,00	9
OS26	19.25	38,00	6
OS27	14.5	50,00	5
OS28	5.0	16,00	10
OS29	3.5	16,00	9
OS30	10.25	6,00	4
OS31	0.25	50,00	2
OS32	9.25	10,00	9
OS33	5.5	18,00	5
OS34	5.25	50,00	7
OS35	12.5	50,00	5
OS36	24.0	50,00	8
OS37	16.25	36,00	8
OS38	15.0	12,00	9
OS39	7.25	32,00	5
OS40	11.25	22,00	1
OS41	14.0	34,00	6
OS42	18.75	50,00	6
OS43	2.0	50,00	3
OS44	9.75	50,00	9
OS45	11.5	20,00	10
OS46	11.25	12,00	9
OS47	4.25	50,00	8
OS48	12.75	50,00	2
OS49	20.25	50,00	10
OS50	5.25	50,00	3
OS51	7.5	21,00	10
OS52	10.0	47,00	9
OS53	18.75	50,00	6
OS54	1.25	50,00	5
OS55	4.0	14,00	4
OS56	12.0	11,00	6
OS57	18.25	50,00	4
OS58	5.25	50,00	5
OS59	21.75	50,00	10
OS60	11.75	28,00	5
OS61	12.5	50,00	2
OS62	13.25	50,00	7
OS63	21.5	14,00	6
OS64	12.5	50,00	3
PS1	19.5	36,00	10
PS2	22.25	9,00	4
PS3	9.75	21,00	8
PS4	24.75	4,00	6
PS5	20.75	50,00	6
PS6	23.25	50,00	10
PS7	6.0	37,00	3
PS8	7.0	31,00	6
PS9	13.5	23,00	2
PS10	11.0	50,00	8
PS11	18.25	26,00	6
PS12	8.25	44,00	3
PS13	24.5	2,00	1
PS14	22.0	47,00	4
PS15	15.75	30,00	7
PS16	24.5	25,00	9
PS17	22.5	37,00	3
PS18	9.25	50,00	8
PS19	20.5	50,00	1
PS20	0.25	7,00	3
PS21	4.75	9,00	4
PS22	16.75	50,00	3
PS23	5.5	50,00	3
PS24	10.5	50,00	10
PS25	10.0	35,00	8
PS26	12.5	50,00	4
PS27	9.75	50,00	3
PS28	8.75	50,00	5
PS29	19.0	8,00	6
PS30	10.0	50,00	7
PS31	5.75	35,00	6
PS32	25.0	50,00	4
PS33	0.0	0,00	6
PS34	11.25	50,00	9
PS35	10.75	50,00	3
PS36	12.25	50,00	5
PS37	14.25	6,00	8
PS38	16.0	4,00	5
PS39	2.25	39,00	2
PS40	8.25	50,00	9
PS41	3.25	33,00	4
PS42	2.75	50,00	4
PS43	5.5	9,00	9
PS44	21.5	50,00	7
PS45	10.0	43,00	9
PS46	12.5	26,00	2
PS47	6.5	50,00	5
PS48	18.5	34,00	5
PS49	18.75	28,00	9
PS50	4.25	50,00	7
PS51	10.75	50,00	7
PS52	4.75	31,00	4
PS53	15.0	25,00	8
PS54	3.25	45,00	6
PS55	15.25	37,00	2
PS56	2.0	20,00	5
PS57	20.5	50,00	4
PS58	21.75	50,00	2
PS59	13.0	6,00	10
PS60	21.0	50,00	8
PS61	17.25	17,00	7
PS62	4.0	21,00	5
PS63	8.75	37,00	8
PS64	8.5	50,00	4
QS1	10.25	50,00	3
QS2	12.25	50,00	8
QS3	9.5	31,00	4
QS4	22.5	50,00	7
QS5	9.5	36,00	3
QS6	8.75	50,00	3
QS7	2.5	31,00	5
QS8	5.0	50,00	5
QS9	9.5	9,00	4
QS10	5.75	50,00	4
QS11	2.5	50,00	2
QS12	11.75	45,00	1
QS13	21.25	48,00	6
QS14	18.25	50,00	7
QS15	10.75	23,00	5
QS16	10.25	46,00	1
QS17	4.75	38,00	8
QS18	13.25	5,00	10
QS19	3.75	12,00	10
QS20	1.25	47,00	9
QS21	5.75	50,00	7
QS22	21.25	28,00	5
QS23	0.75	50,00	4
QS24	18.25	9,00	6
QS25	12.25	10,00	9
QS26	22.5	50,00	1
QS27	12.0	0,00	4
QS28	21.25	1,00	5
QS29	21.25	50,00	1
QS30	22.5	50,00	5
QS31	12.0	34,00	3
QS32	15.5	50,00	8
QS33	11.5	50,00	6
QS34	23.25	42,00	6
QS35	6.0	13,00	9
QS36	12.75	50,00	5
QS37	10.5	50,00	4
QS38	23.5	50,00	8
QS39	22.5	50,00	3
QS40	5.5	11,00	4
QS41	0.75	50,00	9
QS42	24.5	19,00	1
QS43	5.25	50,00	6
QS44	14.25	0,00	8
QS45	9.25	50,00	4
QS46	9.5	36,00	6
QS47	10.0	25,00	5
QS48	0.0	0,00	3
QS49	12.25	50,00	3
QS50	17.75	50,00	2
QS51	1.5	50,00	6
QS52	18.25	50,00	2
QS53	3.75	50,00	6
QS54	13.75	50,00	6
QS55	22.0	50,00	7
QS56	6.25	14,00	4
QS57	0.0	0,00	7
QS58	12.75	4,00	8
QS59	0.5	50,00	1
QS60	12.5	2,00	3
QS61	20.5	32,00	9
QS62	21.5	15,00	6
QS63	10.75	50,00	7
QS64	10.0	42,00	3
RS1	5.75	39,00	7
RS2	8.75	50,00	5
RS3	17.25	50,00	8
RS4	1.75	2,00	7
RS5	13.75	32,00	8
RS6	1.25	47,00	6
RS7	21.25	39,00	4
RS8	15.5	50,00	5
RS9	25.0	40,00	2
RS10	21.0	3,00	3
RS11	24.25	50,00	6
RS12	9.0	2,00	5
RS13	23.5	50,00	4
RS14	13.0	50,00	9
RS15	14.0	19,00	3
RS16	11.25	31,00	5
RS17	13.5	45,00	5
RS18	7.5	50,00	6
RS19	10.25	50,00	5
RS20	13.5	42,00	2
RS21	22.0	50,00	10
RS22	12.75	6,00	1
RS23	4.0	8,00	4
RS24	2.5	36,00	5
RS25	1.0	50,00	9
RS26	6.5	38,00	6
RS27	9.5	41,00	10
RS28	14.75	50,00	5
RS29	17.0	50,00	2
RS30	23.25	14,00	6
RS31	12.75	17,00	2
RS32	22.5	50,00	2
RS33	9.0	50,00	2
RS34	16.75	50,00	7
RS35	21.75	50,00	4
RS36	15.25	19,00	7
RS37	17.5	16,00	8
RS38	23.0	8,00	2
RS39	18.25	29,00	3
RS40	0.5	50,00	5
RS41	2.25	27,00	5
RS42	15.0	50,00	1
RS43	23.5	7,00	3
RS44	23.75	45,00	10
RS45	12.0	50,00	9
RS46	12.75	16,00	9
RS47	21.25	50,00	7
RS48	9.25	50,00	5
RS49	12.0	5,00	7
RS50	11.75	40,00	3
RS51	24.75	50,00	7
RS52	12.0	6,00	2
RS53	8.75	50,00	3
RS54	22.5	50,00	8
RS55	22.0	21,00	2
RS56	7.0	50,00	9
RS57	20.25	50,00	9
RS58	23.75	47,00	5
RS59	10.25	50,00	3
RS60	9.75	50,00	9
RS61	20.75	19,00	2
RS62	7.25	50,00	5
RS63	12.5	1,00	6
RS64	10.5	48,00	9
SS1	4.5	50,00	3
SS2	23.25	0,00	3
SS3	9.5	38,00	6
SS4	11.75	50,00	6
SS5	9.0	21,00	5
SS6	7.75	45,00	4
SS7	15.0	35,00	8
SS8	4.25	50,00	8
SS9	0.5	50,00	5
SS10	11.5	50,00	7
SS11	16.0	14,00	3
SS12	18.5	50,00	1
SS13	8.25	32,00	2
SS14	8.75	40,00	4
SS15	12.25	50,00	10
SS16	3.5	50,00	10
SS17	11.25	50,00	7
SS18	10.5	50,00	9
SS19	18.5	17,00	9
SS20	20.75	39,00	6
SS21	3.0	50,00	9
SS22	10.25	50,00	1
SS23	11.75	10,00	5
SS24	18.25	50,00	4
SS25	13.5	10,00	9
SS26	7.25	50,00	10
SS27	1.5	50,00	6
SS28	14.5	50,00	2
SS29	23.75	12,00	5
SS30	10.5	50,00	3
SS31	1.25	50,00	6
SS32	24.25	50,00	5
SS33	3.25	50,00	9
SS34	10.75	50,00	8
SS35	12.75	46,00	9
SS36	15.75	50,00	2
SS37	12.75	15,00	6
SS38	21.25	50,00	5
SS39	24.75	50,00	3
SS40	21.75	14,00	5
SS41	14.25	5,00	8
SS42	12.25	50,00	4
SS43	15.25	50,00	1
SS44	0.25	41,00	3
SS45	20.75	50,00	4
SS46	6.75	50,00	3
SS47	24.0	50,00	9
SS48	3.0	1,00	10
SS49	15.5	50,00	4
SS50	3.5	50,00	9
SS51	16.25	33,00	5
SS52	3.5	23,00	3
SS53	20.25	25,00	8
SS54	5.0	5,00	8
SS55	15.75	21,00	10
SS56	23.75	50,00	4
SS57	11.25	14,00	4
SS58	2.75	23,00	2
SS59	0.75	50,00	4
SS60	13.75	50,00	9
SS61	6.25	50,00	2
SS62	6.25	50,00	10
SS63	6.5	50,00	1
SS64	4.25	50,00	9
TS1	11.0	46,00	6
TS2	2.25	50,00	6
TS3	17.75	50,00	3
TS4	6.5	27,00	4
TS5	14.25	50,00	7
TS6	12.0	50,00	10
TS7	6.25	50,00	6
TS8	5.5	50,00	8
TS9	2.5	16,00	4
TS10	7.25	50,00	5
TS11	17.0	50,00	2
TS12	22.0	50,00	1
TS13	5.25	50,00	9
TS14	13.5	50,00	7
TS15	4.5	4,00	4
TS16	6.25	34,00	7
TS17	12.0	3,00	9
TS18	10.25	50,00	2
TS19	21.25	50,00	8
TS20	10.75	50,00	6
TS21	19.0	39,00	10
TS22	24.75	50,00	3
TS23	7.25	50,00	9
TS24	18.75	50,00	2
TS25	19.0	50,00	9
TS26	13.0	30,00	4
TS27	17.0	5,00	6
TS28	21.75	50,00	7
TS29	1.0	50,00	1
TS30	16.25	50,00	5
TS31	12.25	50,00	3
TS32	11.0	50,00	9
TS33	0.5	50,00	5
TS34	2.0	48,00	6
TS35	8.75	50,00	1
TS36	14.5	38,00	9
TS37	20.25	50,00	7
TS38	6.75	50,00	9
TS39	5.75	23,00	4
TS40	2.25	42,00	6
TS41	8.0	50,00	5
TS42	22.5	50,00	10
TS43	13.5	50,00	9
TS44	8.0	50,00	4
TS45	19.0	50,00	7
TS46	14.0	6,00	5
TS47	24.5	31,00	9
TS48	19.25	50,00	3
TS49	10.5	50,00	3
TS50	24.25	50,00	3
TS51	24.25	50,00	4
TS52	14.75	50,00	5
TS53	0.5	50,00	1
TS54	10.5	50,00	6
TS55	23.5	50,00	10
TS56	12.0	50,00	1
TS57	2.25	50,00	2
TS58	13.5	50,00	8
TS59	5.75	19,00	9
TS60	1.0	12,00	10
TS61	10.25	31,00	3
TS62	2.75	3,00	7
TS63	11.25	50,00	6
TS64	9.25	50,00	6
US1	16.5	24,00	4
US2	16.0	16,00	9
US3	18.5	45,00	6
US4	20.5	28,00	10
US5	21.75	1,00	8
US6	10.25	50,00	3
US7	4.5	24,00	5
US8	21.0	50,00	8
US9	3.75	38,00	1
US10	24.5	5,00	3
US11	14.5	13,00	6
US12	15.75	34,00	6
US13	3.5	50,00	3
US14	3.5	36,00	2
US15	20.0	50,00	6
US16	6.75	50,00	4
US17	11.5	50,00	7
US18	1.5	50,00	9
US19	19.0	28,00	10
US20	1.5	47,00	4
US21	14.0	15,00	8
US22	19.75	50,00	4
US23	2.5	50,00	8
US24	6.0	39,00	8
US25	1.0	50,00	5
US26	20.75	17,00	2
US27	5.25	50,00	8
US28	13.25	50,00	7
US29	6.75	50,00	4
US30	18.0	50,00	7
US31	14.25	50,00	6
US32	9.25	50,00	4
US33	9.25	50,00	1
US34	4.25	50,00	3
US35	7.75	50,00	4
US36	15.75	50,00	4
US37	15.0	9,00	4
US38	11.75	50,00	9
US39	21.5	50,00	6
US40	6.0	50,00	3
US41	1.75	44,00	2
US42	6.0	50,00	6
US43	21.5	50,00	3
US44	24.25	50,00	3
US45	2.0	19,00	4
US46	4.25	21,00	8
US47	17.0	40,00	9
US48	25.0	50,00	4
US49	7.75	50,00	6
US50	3.75	14,00	10
US51	24.25	50,00	6
US52	20.75	5,00	8
US53	15.5	14,00	7
US54	21.25	50,00	7
US55	3.5	50,00	9
US56	14.0	50,00	10
US57	1.0	50,00	1
US58	19.75	50,00	5
US59	2.5	50,00	7
US60	24.25	20,00	9
US61	15.75	1,00	9
US62	8.0	50,00	3
US63	13.75	2,00	2
US64	15.75	47,00	9
VS1	3.5	31,00	4
VS2	17.25	50,00	9
VS3	3.25	50,00	7
VS4	14.75	50,00	3
VS5	2.75	39,00	1
VS6	23.75	45,00	4
VS7	24.5	50,00	6
VS8	19.0	8,00	8
VS9	13.0	50,00	1
VS10	2.25	50,00	6
VS11	12.25	50,00	2
VS12	7.75	50,00	4
VS13	5.5	50,00	5
VS14	9.0	5,00	5
VS15	10.75	50,00	5
VS16	8.0	50,00	6
VS17	17.25	40,00	1
VS18	22.75	50,00	3
VS19	11.5	50,00	4
VS20	13.5	50,00	8
VS21	12.75	8,00	4
VS22	24.75	32,00	9
VS23	7.0	29,00	6
VS24	4.75	41,00	3
VS25	12.0	27,00	7
VS26	21.25	38,00	1
VS27	6.5	50,00	3
VS28	17.0	37,00	4
VS29	1.0	50,00	6
VS30	0.25	30,00	8
VS31	4.5	50,00	9
VS32	5.0	50,00	8
VS33	20.0	50,00	1
VS34	8.0	32,00	9
VS35	17.5	37,00	3
VS36	1.5	50,00	8
VS37	3.25	43,00	8
VS38	24.5	50,00	4
VS39	20.5	42,00	5
VS40	24.5	30,00	2
VS41	15.75	50,00	10
VS42	15.0	50,00	6
VS43	4.25	50,00	7
VS44	13.5	50,00	6
VS45	6.75	50,00	3
VS46	8.5	50,00	7
VS47	3.25	48,00	3
VS48	15.5	47,00	7
VS49	20.25	50,00	6
VS50	10.0	50,00	3
VS51	13.75	50,00	1
VS52	24.75	37,00	4
VS53	12.75	21,00	8
VS54	15.75	50,00	6
VS55	21.25	13,00	9
VS56	6.0	50,00	7
VS57	0.0	0,00	2
VS58	24.5	50,00	2
VS59	3.5	50,00	6
VS60	10.0	33,00	2
VS61	11.25	41,00	2
VS62	20.5	50,00	3
VS63	12.25	23,00	9
VS64	11.75	50,00	8
WS1	3.25	50,00	3
WS2	5.5	50,00	9
WS3	20.75	46,00	9
WS4	4.75	50,00	8
WS5	13.5	50,00	8
WS6	9.75	21,00	9
WS7	3.75	4,00	1
WS8	8.5	50,00	8
WS9	5.75	37,00	9
WS10	15.25	50,00	5
WS11	24.25	7,00	2
WS12	19.25	50,00	8
WS13	9.0	50,00	1
WS14	0.75	50,00	7
WS15	20.25	49,00	5
WS16	4.5	50,00	6
WS17	4.75	20,00	6
WS18	16.5	37,00	7
WS19	16.5	50,00	2
WS20	19.5	24,00	7
WS21	1.25	50,00	4
WS22	20.75	34,00	3
WS23	20.75	50,00	4
WS24	11.75	3,00	4
WS25	3.75	50,00	6
WS26	12.75	28,00	6
WS27	17.75	50,00	3
WS28	8.75	38,00	8
WS29	2.5	50,00	8
WS30	16.75	50,00	10
WS31	0.0	0,00	8
WS32	19.25	50,00	1
WS33	10.5	0,00	3
WS34	17.75	41,00	3
WS35	0.0	0,00	4
WS36	6.75	21,00	8
WS37	4.75	13,00	4
WS38	24.5	11,00	5
WS39	9.25	31,00	7
WS40	2.75	6,00	10
WS41	1.25	45,00	5
WS42	4.75	21,00	1
WS43	9.0	50,00	8
WS44	1.75	50,00	2
WS45	17.75	7,00	3
WS46	3.75	50,00	5
WS47	10.25	50,00	5
WS48	15.0	50,00	5
WS49	18.0	50,00	3
WS50	8.5	50,00	9
WS51	4.25	4,00	7
WS52	7.0	50,00	9
WS53	4.75	7,00	6
WS54	5.25	0,00	4
WS55	15.25	30,00	7
WS56	23.5	46,00	8
WS57	5.75	50,00	2
WS58	4.75	50,00	8
WS59	2.0	50,00	2
WS60	9.5	50,00	9
WS61	22.25	21,00	8
WS62	14.0	50,00	3
WS63	9.75	10,00	5
WS64	7.0	50,00	4
XS1	24.25	50,00	7
XS2	13.25	50,00	8
XS3	19.25	50,00	9
XS4	6.75	19,00	2
XS5	25.0	23,00	7
XS6	24.75	38,00	7
XS7	22.25	30,00	3
XS8	14.5	50,00	7
XS9	5.5	19,00	6
XS10	8.5	50,00	8
XS11	15.5	50,00	5
XS12	6.25	50,00	10
XS13	11.25	2,00	4
XS14	3.0	50,00	4
XS15	0.5	50,00	8
XS16	5.25	40,00	8
XS17	22.5	12,00	9
XS18	18.25	18,00	2
XS19	13.25	44,00	3
XS20	19.5	50,00	2
XS21	6.75	50,00	3
XS22	2.0	9,00	5
XS23	1.0	11,00	6
XS24	20.0	35,00	8
XS25	8.5	14,00	2
XS26	11.5	24,00	4
XS27	12.25	21,00	6
XS28	13.75	50,00	10
XS29	19.25	18,00	4
XS30	1.25	50,00	2
XS31	6.75	50,00	10
XS32	5.75	31,00	8
XS33	2.5	50,00	8
XS34	14.0	50,00	8
XS35	14.0	50,00	6
XS36	17.0	50,00	9
XS37	6.0	16,00	3
XS38	21.75	50,00	7
XS39	19.25	50,00	4
XS40	13.5	40,00	6
XS41	23.5	50,00	9
XS42	20.75	17,00	9
XS43	6.25	29,00	10
XS44	1.0	50,00	4
XS45	21.5	19,00	3
XS46	1.25	13,00	6
XS47	7.75	50,00	6
XS48	24.0	50,00	2
XS49	10.25	24,00	1
XS50	25.0	50,00	7
XS51	15.25	50,00	5
XS52	24.25	50,00	5
XS53	22.75	0,00	4
XS54	21.0	50,00	3
XS55	16.75	12,00	9
XS56	10.25	32,00	2
XS57	20.5	39,00	9
XS58	25.0	40,00	4
XS59	11.75	19,00	6
XS60	21.25	50,00	3
XS61	15.25	40,00	7
XS62	24.0	43,00	5
XS63	7.25	50,00	4
XS64	6.5	7,00	6
YS1	7.75	16,00	9
YS2	16.0	50,00	2
YS3	15.75	36,00	1
YS4	13.5	38,00	6
YS5	3.25	43,00	2
YS6	8.5	47,00	6
YS7	17.0	50,00	9
YS8	0.0	0,00	8
YS9	12.75	7,00	6
YS10	11.0	13,00	2
YS11	22.5	50,00	5
YS12	11.25	50,00	5
YS13	15.5	50,00	5
YS14	3.75	38,00	5
YS15	6.0	50,00	4
YS16	8.75	50,00	8
YS17	22.25	47,00	4
YS18	16.0	28,00	2
YS19	9.0	39,00	4
YS20	14.25	32,00	4
YS21	3.0	50,00	4
YS22	14.25	19,00	5
YS23	7.0	50,00	8
YS24	17.25	50,00	5
YS25	18.5	50,00	7
YS26	13.25	38,00	8
YS27	6.75	50,00	3
YS28	4.5	41,00	9
YS29	2.75	50,00	7
YS30	6.0	16,00	1
YS31	11.75	50,00	2
YS32	1.75	47,00	8
YS33	16.25	50,00	8
YS34	15.75	18,00	5
YS35	7.75	50,00	7
YS36	19.5	25,00	7
YS37	16.75	31,00	6
YS38	15.5	50,00	6
YS39	24.75	30,00	9
YS40	4.75	50,00	5
YS41	14.0	43,00	5
YS42	9.0	4,00	5
YS43	8.25	50,00	9
YS44	8.5	43,00	7
YS45	13.5	3,00	6
YS46	7.0	1,00	7
YS47	1.0	50,00	9
YS48	19.75	50,00	9
YS49	24.25	39,00	5
YS50	6.75	39,00	4
YS51	16.25	3,00	3
YS52	8.25	50,00	6
YS53	22.0	31,00	10
YS54	24.75	50,00	7
YS55	16.75	50,00	3
YS56	17.5	50,00	7
YS57	21.75	47,00	2
YS58	22.25	4,00	5
YS59	13.0	50,00	1
YS60	16.25	16,00	7
YS61	3.75	25,00	9
YS62	8.25	7,00	5
YS63	20.25	18,00	5
YS64	10.0	15,00	2
ZS1	10.25	50,00	7
ZS2	21.25	50,00	5
ZS3	13.0	21,00	9
ZS4	18.25	37,00	9
ZS5	16.5	12,00	3
ZS6	24.0	50,00	2
ZS7	4.0	4,00	3
ZS8	18.0	50,00	7
ZS9	12.25	28,00	5
ZS10	21.75	24,00	6
ZS11	19.75	43,00	3
ZS12	10.25	26,00	6
ZS13	10.0	50,00	8
ZS14	18.25	50,00	3
ZS15	10.75	50,00	2
ZS16	1.75	6,00	4
ZS17	14.75	50,00	2
ZS18	13.5	50,00	3
ZS19	9.0	50,00	10
ZS20	4.25	3,00	9
ZS21	16.75	37,00	5
ZS22	13.5	27,00	8
ZS23	16.5	50,00	9
ZS24	11.5	50,00	9
ZS25	16.75	50,00	1
ZS26	6.0	40,00	3
ZS27	4.5	15,00	10
ZS28	0.5	25,00	6
ZS29	5.5	45,00	2
ZS30	11.5	50,00	4
ZS31	1.5	50,00	3
ZS32	1.5	18,00	2
ZS33	0.5	50,00	3
ZS34	15.5	50,00	1
ZS35	12.25	50,00	2
ZS36	0.0	0,00	8
ZS37	1.0	15,00	9
ZS38	8.75	25,00	10
ZS39	11.25	25,00	5
ZS40	1.25	48,00	7
ZS41	4.75	50,00	8
ZS42	5.25	50,00	9
ZS43	12.5	50,00	5
ZS44	5.0	40,00	2
ZS45	2.75	26,00	7
ZS46	9.0	50,00	2
ZS47	0.25	8,00	9
ZS48	4.75	41,00	9
ZS49	12.0	50,00	3
ZS50	10.25	19,00	4
ZS51	20.0	50,00	8
ZS52	16.0	40,00	2
ZS53	13.5	38,00	6
ZS54	21.0	50,00	4
ZS55	9.5	50,00	4
ZS56	2.75	50,00	6
ZS57	18.5	3,00	2
ZS58	18.5	50,00	7
ZS59	18.0	35,00	9
ZS60	12.5	24,00	7
ZS61	5.0	34,00	9
ZS62	11.0	3,00	8
ZS63	23.0	4,00	1
ZS64	11.75	2,00	9
AAS1	6.25	50,00	5
AAS2	4.0	47,00	3
AAS3	18.5	8,00	7
AAS4	13.0	13,00	2
AAS5	12.75	41,00	3
AAS6	16.0	50,00	6
AAS7	18.5	50,00	5
AAS8	7.5	50,00	4
AAS9	1.5	45,00	4
AAS10	21.25	50,00	8
AAS11	13.0	42,00	8
AAS12	14.0	37,00	9
AAS13	0.75	42,00	3
AAS14	23.25	50,00	2
AAS15	1.75	24,00	5
AAS16	9.0	50,00	6
AAS17	0.25	50,00	3
AAS18	15.75	33,00	7
AAS19	7.0	2,00	5
AAS20	14.75	46,00	10
AAS21	6.25	50,00	5
AAS22	6.0	50,00	6
AAS23	19.75	50,00	8
AAS24	4.75	50,00	4
AAS25	8.25	50,00	8
AAS26	5.75	32,00	7
AAS27	13.5	0,00	2
AAS28	17.5	50,00	8
AAS29	9.5	50,00	5
AAS30	14.25	50,00	6
AAS31	5.5	50,00	6
AAS32	5.0	18,00	1
AAS33	14.5	50,00	3
AAS34	17.0	42,00	8
AAS35	8.5	50,00	4
AAS36	20.25	50,00	7
AAS37	6.25	9,00	5
AAS38	17.75	31,00	2
AAS39	18.25	3,00	10
AAS40	2.25	50,00	8
AAS41	5.25	50,00	5
AAS42	19.5	50,00	6
AAS43	19.25	50,00	2
AAS44	5.0	50,00	9
AAS45	17.75	12,00	4
AAS46	14.75	46,00	3
AAS47	11.75	50,00	3
AAS48	6.75	3,00	4
AAS49	5.0	0,00	3
AAS50	11.75	50,00	2
AAS51	0.5	42,00	6
AAS52	3.0	50,00	5
AAS53	18.5	50,00	4
AAS54	19.5	24,00	2
AAS55	10.5	50,00	7
AAS56	5.75	39,00	9
AAS57	6.5	50,00	6
AAS58	8.25	38,00	5
AAS59	16.0	50,00	9
AAS60	23.25	32,00	3
AAS61	18.0	50,00	8
AAS62	21.75	24,00	8
AAS63	16.5	50,00	7
AAS64	24.25	50,00	6
ABS1	21.5	50,00	2
ABS2	18.5	50,00	2
ABS3	10.5	50,00	1
ABS4	14.25	50,00	6
ABS5	2.75	50,00	5
ABS6	0.25	50,00	6
ABS7	8.5	50,00	5
ABS8	21.25	46,00	5
ABS9	23.5	50,00	3
ABS10	8.0	38,00	10
ABS11	7.5	38,00	7
ABS12	15.75	50,00	9
ABS13	15.5	3,00	10
ABS14	20.75	50,00	2
ABS15	22.25	50,00	4
ABS16	16.75	50,00	3
ABS17	24.75	1,00	9
ABS18	17.25	31,00	8
ABS19	5.75	8,00	8
ABS20	19.5	28,00	5
ABS21	19.5	37,00	5
ABS22	7.5	50,00	9
ABS23	11.25	50,00	3
ABS24	16.5	50,00	5
ABS25	24.75	50,00	5
ABS26	18.5	28,00	3
ABS27	14.0	10,00	10
ABS28	16.0	49,00	4
ABS29	8.0	44,00	9
ABS30	13.25	50,00	8
ABS31	13.25	36,00	8
ABS32	18.0	35,00	5
ABS33	6.5	4,00	4
ABS34	22.0	50,00	5
ABS35	21.75	25,00	3
ABS36	13.5	50,00	9
ABS37	20.5	40,00	1
ABS38	9.5	43,00	1
ABS39	7.5	23,00	9
ABS40	5.75	50,00	5
ABS41	10.75	50,00	2
ABS42	23.5	3,00	1
ABS43	24.0	50,00	4
ABS44	5.5	20,00	5
ABS45	10.75	48,00	7
ABS46	11.5	6,00	8
ABS47	7.0	14,00	5
ABS48	2.0	50,00	3
ABS49	20.0	50,00	2
ABS50	19.75	50,00	9
ABS51	11.75	3,00	4
ABS52	23.75	50,00	7
ABS53	24.25	50,00	4
ABS54	21.0	50,00	9
ABS55	23.75	50,00	3
ABS56	20.25	30,00	9
ABS57	23.5	50,00	3
ABS58	18.75	50,00	2
ABS59	14.5	38,00	5
ABS60	6.25	50,00	10
ABS61	5.75	30,00	7
ABS62	14.25	50,00	7
ABS63	21.0	5,00	4
ABS64	2.25	50,00	3
ACS1	10.25	30,00	4
ACS2	10.5	50,00	9
ACS3	8.75	50,00	7
ACS4	11.5	15,00	5
ACS5	15.0	4,00	8
ACS6	24.5	50,00	9
ACS7	3.5	50,00	7
ACS8	22.25	25,00	5
ACS9	19.75	13,00	1
ACS10	11.5	50,00	1
ACS11	0.75	29,00	4
ACS12	16.25	50,00	1
ACS13	8.25	50,00	2
ACS14	24.5	50,00	3
ACS15	14.0	30,00	9
ACS16	22.5	50,00	9
ACS17	8.0	50,00	2
ACS18	12.0	15,00	3
ACS19	8.0	3,00	5
ACS20	14.75	50,00	6
ACS21	22.25	50,00	9
ACS22	6.25	50,00	3
ACS23	9.5	16,00	6
ACS24	8.5	8,00	9
ACS25	4.25	11,00	6
ACS26	2.0	33,00	5
ACS27	2.0	3,00	4
ACS28	1.75	31,00	8
ACS29	10.25	50,00	5
ACS30	21.75	18,00	2
ACS31	17.0	7,00	6
ACS32	0.5	50,00	10
ACS33	21.0	50,00	7
ACS34	16.25	24,00	4
ACS35	13.25	24,00	2
ACS36	12.0	50,00	8
ACS37	0.25	28,00	4
ACS38	14.5	50,00	2
ACS39	5.75	32,00	6
ACS40	8.75	12,00	2
ACS41	5.25	39,00	10
ACS42	12.5	4,00	6
ACS43	11.5	50,00	4
ACS44	11.0	50,00	4
ACS45	15.75	50,00	4
ACS46	3.75	50,00	7
ACS47	15.25	10,00	8
ACS48	15.25	28,00	2
ACS49	14.0	50,00	3
ACS50	11.0	10,00	5
ACS51	4.25	16,00	9
ACS52	3.5	50,00	1
ACS53	14.25	50,00	3
ACS54	3.75	50,00	8
ACS55	10.5	4,00	1
ACS56	19.25	50,00	8
ACS57	4.25	41,00	7
ACS58	22.75	38,00	5
ACS59	8.25	50,00	6
ACS60	15.0	17,00	9
ACS61	0.5	21,00	6
ACS62	7.0	3,00	9
ACS63	19.0	50,00	6
ACS64	17.75	22,00	4
ADS1	14.25	0,00	8
ADS2	3.0	3,00	3
ADS3	15.0	50,00	5
ADS4	16.0	50,00	5
ADS5	24.75	50,00	7
ADS6	3.5	29,00	4
ADS7	6.75	48,00	1
ADS8	8.75	41,00	6
ADS9	12.5	50,00	8
ADS10	2.5	13,00	3
ADS11	0.25	50,00	2
ADS12	22.75	1,00	7
ADS13	17.0	20,00	9
ADS14	20.75	21,00	8
ADS15	10.75	14,00	2
ADS16	9.0	50,00	6
ADS17	2.25	47,00	2
ADS18	6.5	40,00	10
ADS19	10.25	9,00	4
ADS20	19.0	50,00	3
ADS21	4.5	50,00	7
ADS22	24.75	50,00	6
ADS23	23.5	31,00	5
ADS24	9.25	33,00	6
ADS25	24.5	50,00	2
ADS26	3.0	19,00	9
ADS27	7.25	48,00	2
ADS28	24.5	50,00	6
ADS29	22.5	50,00	1
ADS30	4.0	18,00	2
ADS31	6.5	29,00	7
ADS32	17.5	50,00	8
ADS33	3.0	23,00	4
ADS34	7.5	2,00	5
ADS35	24.25	5,00	10
ADS36	19.0	50,00	6
ADS37	4.0	50,00	9
ADS38	12.0	13,00	6
ADS39	22.25	11,00	3
ADS40	5.0	13,00	5
ADS41	19.0	50,00	5
ADS42	17.25	48,00	6
ADS43	23.5	50,00	9
ADS44	5.75	50,00	5
ADS45	0.25	47,00	4
ADS46	0.0	0,00	1
ADS47	16.5	50,00	5
ADS48	18.5	37,00	8
ADS49	15.75	50,00	1
ADS50	18.25	47,00	5
ADS51	19.0	13,00	9
ADS52	16.25	50,00	2
ADS53	24.5	50,00	6
ADS54	11.5	50,00	8
ADS55	7.0	50,00	2
ADS56	5.0	13,00	8
ADS57	12.75	50,00	7
ADS58	24.25	50,00	3
ADS59	22.5	50,00	7
ADS60	19.5	32,00	10
ADS61	8.5	49,00	10
ADS62	0.5	50,00	5
ADS63	23.25	50,00	6
ADS64	8.25	50,00	8
AES1	15.5	50,00	3
AES2	9.5	50,00	8
AES3	7.25	50,00	3
AES4	10.5	50,00	9
AES5	11.25	50,00	8
AES6	8.75	5,00	9
AES7	13.5	50,00	10
AES8	14.25	49,00	2
AES9	9.5	42,00	2
AES10	5.25	50,00	4
AES11	17.25	3,00	4
AES12	22.75	23,00	4
AES13	17.75	43,00	7
AES14	5.25	21,00	2
AES15	6.0	38,00	7
AES16	19.0	50,00	7
AES17	20.25	19,00	5
AES18	6.25	19,00	2
AES19	21.5	5,00	8
AES20	21.75	38,00	7
AES21	11.5	50,00	10
AES22	5.0	30,00	8
AES23	20.5	26,00	4
AES24	13.0	14,00	10
AES25	4.75	50,00	9
AES26	18.25	6,00	6
AES27	10.25	50,00	1
AES28	0.25	4,00	7
AES29	2.5	50,00	8
AES30	12.5	41,00	2
AES31	9.75	22,00	6
AES32	10.5	18,00	9
AES33	4.75	37,00	4
AES34	11.0	50,00	8
AES35	17.75	50,00	8
AES36	9.0	21,00	4
AES37	21.25	12,00	8
AES38	17.25	3,00	9
AES39	17.25	29,00	8
AES40	10.5	50,00	6
AES41	7.5	50,00	1
AES42	15.25	50,00	6
AES43	0.5	50,00	9
AES44	6.0	50,00	7
AES45	25.0	22,00	2
AES46	0.0	0,00	3
AES47	10.0	39,00	2
AES48	5.25	50,00	5
AES49	5.0	43,00	2
AES50	16.0	37,00	4
AES51	4.75	50,00	3
AES52	4.75	50,00	5
AES53	22.25	50,00	3
AES54	14.5	35,00	4
AES55	17.25	6,00	7
AES56	7.5	31,00	9
AES57	20.25	50,00	7
AES58	21.75	20,00	8
AES59	4.25	50,00	2
AES60	8.5	50,00	3
AES61	16.5	50,00	7
AES62	13.75	30,00	1
AES63	19.5	50,00	6
AES64	2.0	15,00	8
AFS1	17.75	50,00	9
AFS2	19.0	36,00	2
AFS3	7.75	50,00	9
AFS4	24.0	50,00	8
AFS5	12.75	31,00	6
AFS6	2.75	50,00	5
AFS7	3.75	50,00	9
AFS8	5.75	50,00	6
AFS9	10.25	40,00	1
AFS10	10.0	21,00	6
AFS11	8.0	50,00	2
AFS12	9.0	30,00	1
AFS13	5.0	24,00	4
AFS14	21.25	27,00	2
AFS15	21.25	42,00	2
AFS16	3.25	50,00	4
AFS17	16.25	50,00	3
AFS18	1.75	5,00	9
AFS19	4.25	50,00	9
AFS20	8.25	18,00	7
AFS21	23.0	45,00	5
AFS22	22.75	49,00	8
AFS23	20.75	50,00	6
AFS24	3.5	43,00	5
AFS25	14.25	50,00	3
AFS26	6.25	36,00	7
AFS27	11.5	43,00	7
AFS28	14.5	3,00	3
AFS29	17.0	50,00	1
AFS30	23.25	42,00	1
AFS31	12.75	30,00	8
AFS32	24.5	50,00	9
AFS33	14.75	50,00	3
AFS34	11.75	50,00	3
AFS35	22.75	50,00	6
AFS36	1.75	20,00	1
AFS37	1.75	23,00	3
AFS38	18.25	19,00	7
AFS39	20.0	1,00	3
AFS40	12.25	50,00	5
AFS41	8.25	50,00	1
AFS42	17.5	50,00	7
AFS43	1.75	13,00	2
AFS44	6.0	50,00	2
AFS45	20.5	50,00	9
AFS46	4.75	35,00	8
AFS47	6.0	13,00	1
AFS48	15.75	47,00	5
AFS49	19.0	50,00	6
AFS50	7.75	45,00	10
AFS51	12.5	5,00	4
AFS52	8.5	38,00	3
AFS53	13.75	50,00	5
AFS54	20.25	13,00	4
AFS55	6.0	50,00	10
AFS56	8.25	50,00	5
AFS57	12.25	50,00	5
AFS58	18.5	50,00	3
AFS59	18.0	10,00	1
AFS60	12.25	50,00	4
AFS61	21.25	16,00	7
AFS62	21.0	50,00	8
AFS63	10.5	50,00	2
AFS64	16.25	25,00	4
AGS1	1.75	9,00	7
AGS2	9.0	50,00	9
AGS3	0.0	0,00	7
AGS4	3.75	22,00	5
AGS5	5.75	50,00	10
AGS6	2.0	50,00	9
AGS7	10.5	2,00	3
AGS8	8.75	50,00	7
AGS9	9.75	31,00	7
AGS10	8.0	50,00	6
AGS11	19.25	50,00	1
AGS12	3.5	50,00	9
AGS13	23.25	50,00	4
AGS14	19.25	15,00	4
AGS15	22.75	27,00	7
AGS16	21.5	50,00	1
AGS17	17.75	26,00	4
AGS18	5.75	50,00	9
AGS19	19.75	50,00	4
AGS20	8.25	17,00	4
AGS21	9.25	50,00	5
AGS22	21.75	50,00	5
AGS23	13.5	50,00	9
AGS24	4.25	50,00	6
AGS25	0.25	41,00	5
AGS26	24.5	50,00	3
AGS27	23.75	50,00	9
AGS28	17.75	50,00	7
AGS29	19.75	3,00	1
AGS30	23.5	50,00	7
AGS31	1.25	50,00	3
AGS32	5.25	50,00	8
AGS33	14.0	50,00	6
AGS34	0.75	50,00	8
AGS35	1.25	12,00	9
AGS36	11.75	37,00	3
AGS37	13.5	24,00	6
AGS38	12.5	50,00	2
AGS39	22.0	33,00	6
AGS40	17.0	18,00	10
AGS41	20.5	50,00	1
AGS42	5.5	29,00	3
AGS43	21.75	11,00	4
AGS44	4.5	50,00	9
AGS45	20.5	50,00	5
AGS46	5.0	50,00	1
AGS47	20.0	36,00	7
AGS48	9.0	0,00	4
AGS49	7.0	43,00	3
AGS50	12.75	44,00	3
AGS51	11.0	42,00	4
AGS52	10.0	50,00	2
AGS53	23.25	41,00	1
AGS54	12.0	50,00	3
AGS55	17.5	8,00	6
AGS56	15.5	1,00	4
AGS57	19.75	50,00	1
AGS58	10.0	50,00	3
AGS59	10.5	24,00	10
AGS60	1.75	16,00	7
AGS61	10.0	38,00	4
AGS62	13.0	50,00	9
AGS63	7.5	1,00	10
AGS64	6.5	50,00	1
