AFN1	3	0,61
AFN2	16	0,64
AFN3	79	0,21
AFN4	46	1,08
AFN5	99	10,00
AFN6	20	4,89
AFN7	49	3,04
AFN8	33	4,05
AFN9	95	20,52
AFN10	2	0,21
AFN11	96	15,21
AFN12	15	3,75
AFN13	28	0,88
AFN14	72	13,67
AFN15	87	7,99
AFN16	70	15,56
AFN17	15	0,43
AFN18	61	7,13
AFN19	71	15,27
AFN20	95	11,79
AFN21	81	11,34
AFN22	97	3,02
AFN23	84	15,04
AFN24	94	4,81
AFN25	11	0,73
AFN26	100	14,56
AFN27	97	14,35
AFN28	61	11,93
AFN29	10	2,10
AFN30	99	21,00
AFN31	65	10,13
AFN32	59	8,80
AFN33	17	0,20
AFN34	76	16,68
AFN35	87	21,34
AFN36	19	1,32
AFN37	12	2,29
AFN38	10	0,15
AFN39	20	0,22
AFN40	59	11,58
AFN41	45	9,30
AFN42	21	3,16
AFN43	6	1,11
AFN44	55	7,24
AFN45	1	0,02
AFN46	83	5,25
AFN47	86	15,46
AFN48	37	2,57
AFN49	31	3,06
AFN50	46	11,32
AFN51	38	2,49
AFN52	93	0,51
AFN53	7	1,46
AFN54	10	0,30
AFN55	94	3,42
AFN56	27	4,07
AFN57	60	5,66
AFN58	4	0,26
AFN59	70	1,77
AFN60	85	3,65
AFN61	26	3,77
AFN62	37	9,20
AFN63	92	0,28
AFN64	78	16,68
AEN1	35	0,05
AEN2	85	16,57
AEN3	3	0,45
AEN4	83	17,24
AEN5	89	21,45
AEN6	74	16,45
AEN7	59	0,45
AEN8	6	0,23
AEN9	45	2,74
AEN10	92	6,39
AEN11	27	4,78
AEN12	52	1,57
AEN13	38	1,34
AEN14	33	3,30
AEN15	44	3,52
AEN16	82	16,41
AEN17	57	6,88
AEN18	100	19,94
AEN19	3	0,22
AEN20	37	4,35
AEN21	36	1,51
AEN22	60	14,92
AEN23	22	4,23
AEN24	27	1,74
AEN25	38	2,86
AEN26	0	0,00
AEN27	56	6,63
AEN28	3	0,06
AEN29	19	0,20
AEN30	11	1,20
AEN31	40	0,43
AEN32	7	0,39
AEN33	69	0,00
AEN34	95	8,64
AEN35	56	10,78
AEN36	93	6,78
AEN37	86	5,23
AEN38	16	1,42
AEN39	81	2,95
AEN40	25	2,59
AEN41	26	5,97
AEN42	77	14,38
AEN43	61	2,00
AEN44	73	8,41
AEN45	98	21,22
AEN46	21	1,33
AEN47	5	0,90
AEN48	49	10,63
AEN49	25	4,61
AEN50	24	2,62
AEN51	33	0,89
AEN52	82	9,16
AEN53	1	0,18
AEN54	95	9,67
AEN55	9	1,13
AEN56	52	10,69
AEN57	64	4,35
AEN58	97	14,07
AEN59	49	8,97
AEN60	81	15,29
AEN61	22	0,02
AEN62	49	5,85
AEN63	23	3,19
AEN64	18	2,39
ADN1	2	0,23
ADN2	80	10,95
ADN3	92	20,44
ADN4	71	15,67
ADN5	83	7,14
ADN6	19	3,84
ADN7	56	3,94
ADN8	64	8,83
ADN9	69	9,47
ADN10	66	12,88
ADN11	52	2,86
ADN12	49	6,47
ADN13	43	4,70
ADN14	72	12,51
ADN15	32	2,56
ADN16	70	6,47
ADN17	84	14,84
ADN18	34	2,93
ADN19	20	4,32
ADN20	89	13,87
ADN21	66	8,36
ADN22	69	1,91
ADN23	93	17,39
ADN24	27	2,61
ADN25	31	4,03
ADN26	62	12,22
ADN27	27	3,80
ADN28	84	8,08
ADN29	59	3,99
ADN30	95	16,20
ADN31	56	4,03
ADN32	36	5,78
ADN33	37	1,22
ADN34	13	0,73
ADN35	49	11,44
ADN36	93	19,43
ADN37	48	2,99
ADN38	10	2,25
ADN39	59	6,10
ADN40	12	2,45
ADN41	6	1,49
ADN42	62	11,49
ADN43	17	4,07
ADN44	63	7,79
ADN45	70	8,94
ADN46	20	4,22
ADN47	16	2,13
ADN48	4	0,34
ADN49	52	5,91
ADN50	37	5,23
ADN51	76	18,02
ADN52	26	1,19
ADN53	5	0,28
ADN54	39	8,98
ADN55	76	12,31
ADN56	1	0,18
ADN57	18	2,98
ADN58	28	4,01
ADN59	85	12,66
ADN60	95	3,54
ADN61	87	13,26
ADN62	2	0,19
ADN63	66	3,37
ADN64	1	0,06
ACN1	59	8,04
ACN2	69	1,17
ACN3	60	12,26
ACN4	4	0,96
ACN5	41	1,72
ACN6	76	12,61
ACN7	46	11,27
ACN8	75	1,52
ACN9	47	9,37
ACN10	79	18,82
ACN11	98	12,39
ACN12	78	16,68
ACN13	61	3,89
ACN14	25	4,40
ACN15	9	0,56
ACN16	20	4,40
ACN17	9	0,33
ACN18	50	8,41
ACN19	31	3,45
ACN20	100	12,97
ACN21	19	1,88
ACN22	75	17,38
ACN23	18	2,66
ACN24	26	4,30
ACN25	29	2,58
ACN26	3	0,44
ACN27	3	0,71
ACN28	39	4,50
ACN29	61	13,99
ACN30	67	8,12
ACN31	43	0,51
ACN32	57	12,68
ACN33	42	7,45
ACN34	42	6,27
ACN35	66	16,12
ACN36	58	6,83
ACN37	37	7,16
ACN38	82	17,59
ACN39	54	6,82
ACN40	51	5,69
ACN41	33	7,80
ACN42	80	6,43
ACN43	39	8,51
ACN44	75	15,36
ACN45	70	11,39
ACN46	100	1,50
ACN47	82	10,68
ACN48	90	7,08
ACN49	4	0,88
ACN50	39	9,30
ACN51	79	16,99
ACN52	1	0,05
ACN53	72	12,98
ACN54	3	0,72
ACN55	44	10,58
ACN56	61	0,58
ACN57	62	2,77
ACN58	21	3,65
ACN59	44	10,85
ACN60	51	6,15
ACN61	34	5,50
ACN62	62	6,95
ACN63	8	0,32
ACN64	60	4,27
ABN1	66	1,24
ABN2	4	0,48
ABN3	75	4,26
ABN4	79	1,16
ABN5	77	13,35
ABN6	31	4,32
ABN7	30	3,64
ABN8	68	1,61
ABN9	16	3,59
ABN10	32	1,64
ABN11	98	19,99
ABN12	29	6,81
ABN13	26	0,28
ABN14	72	11,55
ABN15	3	0,38
ABN16	10	1,55
ABN17	83	15,63
ABN18	76	16,00
ABN19	30	0,68
ABN20	88	1,96
ABN21	48	8,26
ABN22	73	5,23
ABN23	85	3,07
ABN24	3	0,34
ABN25	96	18,80
ABN26	1	0,01
ABN27	64	6,35
ABN28	46	10,12
ABN29	68	8,24
ABN30	17	2,58
ABN31	6	0,83
ABN32	14	2,93
ABN33	59	10,88
ABN34	80	1,60
ABN35	25	5,34
ABN36	54	2,89
ABN37	39	2,36
ABN38	41	10,11
ABN39	83	10,50
ABN40	8	0,79
ABN41	58	12,27
ABN42	89	11,87
ABN43	65	0,02
ABN44	6	0,00
ABN45	62	14,56
ABN46	74	9,48
ABN47	51	8,09
ABN48	61	1,27
ABN49	53	2,97
ABN50	30	4,48
ABN51	3	0,48
ABN52	81	19,20
ABN53	48	5,23
ABN54	46	7,07
ABN55	40	7,76
ABN56	45	6,79
ABN57	7	0,50
ABN58	55	2,32
ABN59	54	5,89
ABN60	40	8,43
ABN61	83	5,61
ABN62	15	2,53
ABN63	30	1,55
ABN64	37	4,15
AAN1	79	17,68
AAN2	38	2,74
AAN3	91	21,86
AAN4	48	9,61
AAN5	45	4,61
AAN6	48	7,38
AAN7	51	8,05
AAN8	90	5,69
AAN9	59	3,56
AAN10	92	4,12
AAN11	25	2,59
AAN12	76	3,05
AAN13	75	1,07
AAN14	45	8,20
AAN15	43	0,99
AAN16	67	3,77
AAN17	65	10,79
AAN18	85	5,19
AAN19	33	1,02
AAN20	95	23,28
AAN21	92	19,95
AAN22	13	0,86
AAN23	70	4,36
AAN24	49	9,34
AAN25	11	2,50
AAN26	93	15,79
AAN27	13	1,57
AAN28	74	6,25
AAN29	20	0,88
AAN30	12	1,57
AAN31	62	10,27
AAN32	41	5,62
AAN33	99	13,69
AAN34	28	3,93
AAN35	100	1,70
AAN36	40	8,81
AAN37	77	1,97
AAN38	31	3,80
AAN39	14	0,08
AAN40	49	8,89
AAN41	12	1,66
AAN42	10	1,44
AAN43	37	0,18
AAN44	67	5,45
AAN45	2	0,31
AAN46	68	4,05
AAN47	92	10,84
AAN48	5	1,20
AAN49	24	1,19
AAN50	66	12,35
AAN51	2	0,46
AAN52	90	19,27
AAN53	60	0,17
AAN54	34	5,57
AAN55	3	0,35
AAN56	56	6,76
AAN57	25	5,51
AAN58	76	15,84
AAN59	32	6,49
AAN60	76	11,84
AAN61	41	1,33
AAN62	87	4,68
AAN63	43	8,73
AAN64	46	4,51
ZN1	36	4,33
ZN2	23	1,33
ZN3	82	19,58
ZN4	88	17,22
ZN5	29	4,54
ZN6	73	15,12
ZN7	14	2,87
ZN8	63	13,63
ZN9	82	6,17
ZN10	92	13,58
ZN11	30	5,02
ZN12	28	5,55
ZN13	30	7,10
ZN14	34	0,26
ZN15	93	17,00
ZN16	24	0,16
ZN17	20	3,96
ZN18	12	1,36
ZN19	7	0,42
ZN20	47	10,54
ZN21	58	9,22
ZN22	4	0,01
ZN23	82	17,20
ZN24	14	2,07
ZN25	56	7,97
ZN26	85	13,17
ZN27	16	2,55
ZN28	45	0,09
ZN29	40	4,90
ZN30	9	0,61
ZN31	71	17,31
ZN32	16	2,42
ZN33	95	9,97
ZN34	100	1,83
ZN35	47	8,95
ZN36	21	2,26
ZN37	87	9,25
ZN38	31	6,64
ZN39	6	0,41
ZN40	93	19,31
ZN41	2	0,15
ZN42	44	7,06
ZN43	42	2,73
ZN44	34	1,16
ZN45	24	0,99
ZN46	20	2,70
ZN47	25	2,39
ZN48	97	15,30
ZN49	90	12,92
ZN50	61	11,62
ZN51	44	2,67
ZN52	71	9,26
ZN53	99	2,69
ZN54	48	4,02
ZN55	17	2,32
ZN56	38	3,96
ZN57	23	5,08
ZN58	8	1,96
ZN59	21	2,10
ZN60	57	12,30
ZN61	92	22,33
ZN62	41	2,04
ZN63	16	0,86
ZN64	24	5,82
YN1	37	4,94
YN2	33	0,83
YN3	76	6,30
YN4	53	12,12
YN5	19	0,33
YN6	47	10,56
YN7	35	1,01
YN8	46	2,72
YN9	7	0,39
YN10	44	0,80
YN11	68	2,49
YN12	97	8,26
YN13	85	7,49
YN14	2	0,15
YN15	90	20,96
YN16	87	8,44
YN17	97	10,27
YN18	59	0,99
YN19	12	1,77
YN20	15	3,54
YN21	15	1,92
YN22	29	4,38
YN23	88	0,72
YN24	81	5,33
YN25	91	20,85
YN26	69	5,42
YN27	27	1,90
YN28	99	21,85
YN29	17	3,47
YN30	59	4,10
YN31	73	16,46
YN32	31	3,65
YN33	85	2,58
YN34	28	4,42
YN35	49	9,94
YN36	15	1,17
YN37	9	1,11
YN38	70	12,43
YN39	36	1,72
YN40	75	14,29
YN41	86	6,43
YN42	69	13,24
YN43	43	8,58
YN44	16	0,75
YN45	26	5,10
YN46	93	19,45
YN47	60	8,49
YN48	57	6,79
YN49	46	9,15
YN50	4	0,94
YN51	57	1,91
YN52	37	1,19
YN53	0	0,00
YN54	97	6,10
YN55	44	8,40
YN56	45	1,65
YN57	38	7,91
YN58	61	3,18
YN59	23	0,06
YN60	25	3,71
YN61	78	4,35
YN62	97	13,94
YN63	18	2,37
YN64	2	0,29
XN1	31	4,41
XN2	64	9,50
XN3	92	11,38
XN4	33	6,32
XN5	1	0,12
XN6	14	0,27
XN7	63	5,30
XN8	91	0,10
XN9	53	5,43
XN10	50	0,28
XN11	41	7,25
XN12	49	10,87
XN13	86	10,78
XN14	93	19,21
XN15	73	1,79
XN16	86	1,20
XN17	12	2,43
XN18	4	0,55
XN19	26	5,75
XN20	72	17,56
XN21	69	7,24
XN22	49	10,69
XN23	54	3,08
XN24	11	2,12
XN25	45	0,23
XN26	26	2,91
XN27	29	6,43
XN28	45	1,33
XN29	92	0,52
XN30	22	1,24
XN31	21	4,06
XN32	42	8,60
XN33	99	13,75
XN34	74	1,49
XN35	45	10,37
XN36	4	0,80
XN37	72	7,19
XN38	36	5,81
XN39	35	4,43
XN40	6	0,87
XN41	59	4,49
XN42	59	9,87
XN43	11	1,51
XN44	6	1,46
XN45	51	1,30
XN46	83	10,29
XN47	28	1,09
XN48	16	3,75
XN49	2	0,28
XN50	68	6,22
XN51	57	3,50
XN52	36	7,02
XN53	38	1,56
XN54	24	1,13
XN55	62	2,95
XN56	94	17,88
XN57	12	1,43
XN58	40	2,53
XN59	34	0,56
XN60	26	1,18
XN61	82	12,24
XN62	32	7,68
XN63	48	9,86
XN64	54	6,97
WN1	100	12,81
WN2	44	1,77
WN3	70	3,91
WN4	20	4,55
WN5	37	1,83
WN6	34	0,12
WN7	20	0,75
WN8	5	0,61
WN9	14	0,49
WN10	10	1,10
WN11	28	4,17
WN12	72	7,84
WN13	19	3,79
WN14	33	2,25
WN15	24	3,72
WN16	37	4,62
WN17	38	7,20
WN18	13	0,24
WN19	86	10,24
WN20	54	12,52
WN21	50	3,64
WN22	18	1,18
WN23	78	3,79
WN24	16	0,53
WN25	99	11,38
WN26	38	7,36
WN27	67	1,58
WN28	28	2,64
WN29	38	0,57
WN30	76	16,70
WN31	17	3,94
WN32	31	6,85
WN33	41	3,35
WN34	39	9,13
WN35	63	11,32
WN36	0	0,00
WN37	71	11,22
WN38	84	1,58
WN39	28	5,92
WN40	33	5,83
WN41	41	2,49
WN42	93	13,77
WN43	68	6,21
WN44	47	1,12
WN45	75	13,27
WN46	33	5,68
WN47	16	1,28
WN48	72	15,31
WN49	64	7,31
WN50	12	2,30
WN51	85	8,87
WN52	8	1,68
WN53	98	21,58
WN54	20	4,79
WN55	95	7,53
WN56	24	0,21
WN57	87	8,10
WN58	55	11,59
WN59	81	14,06
WN60	65	10,91
WN61	16	2,71
WN62	100	12,01
WN63	67	3,77
WN64	62	4,50
VN1	41	3,05
VN2	49	10,37
VN3	9	1,72
VN4	61	4,05
VN5	55	10,46
VN6	85	12,74
VN7	39	1,65
VN8	13	0,13
VN9	55	1,84
VN10	29	5,62
VN11	19	2,56
VN12	27	1,72
VN13	97	10,08
VN14	56	7,36
VN15	97	23,51
VN16	7	0,44
VN17	84	4,91
VN18	48	4,47
VN19	20	2,31
VN20	19	0,82
VN21	98	15,95
VN22	88	14,64
VN23	21	0,89
VN24	7	1,26
VN25	71	16,23
VN26	96	23,00
VN27	80	15,92
VN28	83	3,56
VN29	52	7,08
VN30	22	5,14
VN31	47	9,45
VN32	69	13,90
VN33	76	6,50
VN34	72	4,14
VN35	55	11,59
VN36	0	0,00
VN37	58	9,83
VN38	44	0,85
VN39	59	12,23
VN40	93	5,74
VN41	61	12,02
VN42	57	2,19
VN43	8	0,24
VN44	88	12,68
VN45	88	16,78
VN46	38	2,15
VN47	2	0,18
VN48	45	8,87
VN49	16	1,88
VN50	1	0,09
VN51	41	7,98
VN52	44	3,00
VN53	68	13,92
VN54	27	1,68
VN55	51	1,90
VN56	61	11,82
VN57	76	8,96
VN58	30	4,04
VN59	51	10,51
VN60	71	2,32
VN61	5	0,64
VN62	29	4,46
VN63	40	0,17
VN64	72	17,95
UN1	54	6,12
UN2	5	0,16
UN3	2	0,46
UN4	17	1,89
UN5	28	3,51
UN6	78	15,73
UN7	91	0,93
UN8	7	0,65
UN9	87	3,54
UN10	31	5,99
UN11	53	11,09
UN12	14	0,77
UN13	34	7,65
UN14	97	12,97
UN15	52	10,24
UN16	67	4,49
UN17	81	19,17
UN18	73	10,46
UN19	85	16,50
UN20	6	1,29
UN21	46	2,46
UN22	19	1,30
UN23	46	10,90
UN24	61	9,28
UN25	97	18,43
UN26	8	0,83
UN27	38	2,19
UN28	95	4,99
UN29	30	2,70
UN30	98	21,25
UN31	8	0,09
UN32	71	17,19
UN33	9	0,91
UN34	79	6,97
UN35	36	0,40
UN36	47	4,69
UN37	25	3,83
UN38	37	2,16
UN39	35	1,37
UN40	77	6,80
UN41	34	8,14
UN42	62	2,87
UN43	44	8,91
UN44	42	2,40
UN45	81	11,93
UN46	54	5,50
UN47	93	18,06
UN48	43	4,39
UN49	8	1,33
UN50	7	1,06
UN51	18	3,77
UN52	45	11,23
UN53	23	3,67
UN54	52	6,01
UN55	55	4,10
UN56	71	2,97
UN57	61	11,00
UN58	12	1,73
UN59	30	2,09
UN60	53	13,15
UN61	68	3,71
UN62	41	0,43
UN63	63	11,36
UN64	58	9,45
TN1	25	4,38
TN2	0	0,00
TN3	69	2,92
TN4	29	0,64
TN5	62	2,12
TN6	65	8,73
TN7	21	2,85
TN8	17	3,82
TN9	56	8,96
TN10	65	5,09
TN11	47	5,36
TN12	28	1,14
TN13	42	7,88
TN14	8	0,32
TN15	95	23,40
TN16	49	2,99
TN17	69	16,31
TN18	70	0,81
TN19	93	6,51
TN20	96	6,34
TN21	6	0,72
TN22	93	9,61
TN23	49	12,02
TN24	74	17,14
TN25	20	3,31
TN26	15	0,60
TN27	78	1,51
TN28	62	11,45
TN29	61	3,76
TN30	85	16,32
TN31	55	8,00
TN32	56	4,89
TN33	78	15,59
TN34	33	7,43
TN35	13	0,90
TN36	92	17,56
TN37	88	15,19
TN38	75	8,91
TN39	53	9,36
TN40	89	12,51
TN41	57	10,08
TN42	48	6,91
TN43	34	5,50
TN44	50	12,33
TN45	29	1,92
TN46	9	1,94
TN47	49	5,05
TN48	19	3,78
TN49	39	7,19
TN50	21	1,30
TN51	36	5,25
TN52	86	4,78
TN53	7	1,01
TN54	75	10,54
TN55	86	1,66
TN56	24	0,69
TN57	68	11,12
TN58	84	14,89
TN59	36	7,80
TN60	62	6,22
TN61	3	0,42
TN62	57	6,82
TN63	0	0,00
TN64	78	10,30
SN1	9	1,23
SN2	96	16,04
SN3	85	15,16
SN4	71	3,93
SN5	79	7,13
SN6	50	5,81
SN7	89	15,07
SN8	61	1,72
SN9	26	1,38
SN10	14	0,89
SN11	36	1,12
SN12	20	1,03
SN13	7	0,04
SN14	74	0,10
SN15	6	1,25
SN16	15	3,69
SN17	78	4,19
SN18	43	2,67
SN19	54	11,59
SN20	67	1,86
SN21	52	4,22
SN22	15	1,48
SN23	97	11,35
SN24	28	1,34
SN25	74	3,15
SN26	92	14,98
SN27	31	4,28
SN28	51	11,28
SN29	3	0,30
SN30	18	0,86
SN31	23	4,16
SN32	10	2,15
SN33	26	5,88
SN34	86	11,01
SN35	20	3,94
SN36	48	7,52
SN37	70	16,56
SN38	76	17,64
SN39	39	6,14
SN40	5	0,17
SN41	85	11,15
SN42	97	2,87
SN43	22	0,83
SN44	37	2,32
SN45	77	4,26
SN46	15	1,46
SN47	30	3,74
SN48	30	6,02
SN49	41	6,21
SN50	65	15,50
SN51	77	10,99
SN52	67	13,23
SN53	18	0,21
SN54	57	13,06
SN55	3	0,44
SN56	51	7,44
SN57	55	13,53
SN58	66	0,94
SN59	53	6,40
SN60	45	6,24
SN61	79	10,90
SN62	3	0,40
SN63	21	3,84
SN64	31	3,95
RN1	17	3,75
RN2	33	5,49
RN3	27	4,15
RN4	12	1,76
RN5	0	0,00
RN6	94	20,63
RN7	95	18,17
RN8	11	2,45
RN9	65	5,78
RN10	8	0,57
RN11	3	0,32
RN12	54	1,55
RN13	78	17,91
RN14	8	0,57
RN15	80	1,22
RN16	8	1,46
RN17	13	0,87
RN18	32	4,53
RN19	7	0,90
RN20	60	14,15
RN21	0	0,00
RN22	31	2,77
RN23	55	6,15
RN24	45	7,39
RN25	61	4,72
RN26	59	9,27
RN27	67	8,32
RN28	58	0,01
RN29	75	0,88
RN30	98	24,48
RN31	70	4,61
RN32	41	7,04
RN33	0	0,00
RN34	72	12,98
RN35	57	3,08
RN36	54	6,39
RN37	88	17,18
RN38	75	14,18
RN39	79	8,68
RN40	32	3,27
RN41	14	0,08
RN42	35	3,08
RN43	65	3,93
RN44	73	4,31
RN45	21	4,36
RN46	71	14,47
RN47	20	3,88
RN48	96	9,60
RN49	65	0,35
RN50	95	6,39
RN51	18	0,10
RN52	80	10,48
RN53	94	5,42
RN54	53	1,88
RN55	92	19,33
RN56	3	0,71
RN57	95	4,70
RN58	35	8,28
RN59	63	3,06
RN60	11	0,13
RN61	6	0,08
RN62	28	3,65
RN63	30	1,10
RN64	25	2,68
QN1	98	13,83
QN2	44	4,80
QN3	0	0,00
QN4	76	18,91
QN5	32	6,53
QN6	29	3,80
QN7	20	2,69
QN8	49	10,49
QN9	24	5,81
QN10	30	5,67
QN11	17	3,80
QN12	68	10,84
QN13	45	4,28
QN14	74	11,78
QN15	53	12,44
QN16	14	1,80
QN17	40	7,35
QN18	16	0,64
QN19	54	6,14
QN20	33	3,74
QN21	4	0,71
QN22	31	0,80
QN23	31	6,93
QN24	45	7,35
QN25	47	2,08
QN26	98	23,59
QN27	17	2,03
QN28	68	0,17
QN29	31	0,58
QN30	95	4,84
QN31	6	0,85
QN32	39	6,28
QN33	25	4,43
QN34	21	4,17
QN35	16	2,75
QN36	32	0,19
QN37	35	4,91
QN38	28	0,01
QN39	57	1,55
QN40	67	2,20
QN41	77	10,26
QN42	54	5,45
QN43	74	6,24
QN44	30	2,33
QN45	97	0,04
QN46	77	15,73
QN47	70	10,09
QN48	60	0,21
QN49	62	2,35
QN50	17	1,83
QN51	71	16,19
QN52	64	9,14
QN53	93	15,60
QN54	17	4,02
QN55	87	17,33
QN56	14	1,18
QN57	63	2,37
QN58	27	5,07
QN59	87	7,31
QN60	89	4,77
QN61	35	3,15
QN62	5	0,46
QN63	3	0,66
QN64	25	2,56
PN1	22	0,11
PN2	60	4,59
PN3	73	9,04
PN4	97	16,11
PN5	52	8,80
PN6	65	7,36
PN7	59	3,46
PN8	27	4,87
PN9	29	7,01
PN10	26	3,46
PN11	63	1,60
PN12	35	7,44
PN13	33	5,65
PN14	87	21,64
PN15	43	4,14
PN16	24	2,97
PN17	69	16,71
PN18	30	6,04
PN19	94	4,76
PN20	22	4,56
PN21	29	1,70
PN22	62	14,83
PN23	2	0,41
PN24	12	2,81
PN25	36	4,81
PN26	53	6,60
PN27	21	4,60
PN28	14	2,62
PN29	57	8,41
PN30	62	12,59
PN31	32	5,28
PN32	39	4,96
PN33	91	20,68
PN34	71	10,20
PN35	25	5,63
PN36	48	6,97
PN37	66	3,45
PN38	26	2,80
PN39	85	3,48
PN40	56	11,34
PN41	13	2,28
PN42	8	1,67
PN43	45	4,99
PN44	43	3,67
PN45	59	11,48
PN46	44	8,61
PN47	25	5,77
PN48	47	10,27
PN49	72	3,15
PN50	96	5,21
PN51	6	0,11
PN52	69	12,85
PN53	84	18,21
PN54	15	3,65
PN55	16	2,06
PN56	54	13,09
PN57	18	2,96
PN58	47	8,77
PN59	12	1,83
PN60	80	9,59
PN61	30	5,96
PN62	45	4,21
PN63	22	0,34
PN64	21	1,16
ON1	71	14,83
ON2	22	0,54
ON3	11	1,79
ON4	86	12,18
ON5	88	12,63
ON6	100	21,54
ON7	52	8,97
ON8	27	4,23
ON9	62	13,53
ON10	14	2,92
ON11	79	15,02
ON12	18	2,24
ON13	77	0,73
ON14	28	2,90
ON15	85	1,11
ON16	88	6,75
ON17	39	6,10
ON18	68	12,63
ON19	58	9,71
ON20	1	0,02
ON21	39	4,83
ON22	35	5,19
ON23	52	4,20
ON24	47	0,33
ON25	62	6,23
ON26	43	9,61
ON27	52	12,79
ON28	38	2,94
ON29	47	6,22
ON30	44	7,35
ON31	71	5,94
ON32	76	6,97
ON33	37	0,10
ON34	67	5,52
ON35	76	4,34
ON36	69	6,39
ON37	80	15,97
ON38	1	0,10
ON39	41	7,95
ON40	56	0,79
ON41	64	1,30
ON42	34	4,18
ON43	94	5,86
ON44	72	0,73
ON45	71	16,46
ON46	100	16,19
ON47	63	9,82
ON48	25	2,22
ON49	3	0,66
ON50	58	11,42
ON51	99	6,78
ON52	8	1,74
ON53	26	5,63
ON54	33	5,32
ON55	29	1,59
ON56	96	12,06
ON57	87	2,03
ON58	82	19,23
ON59	30	1,27
ON60	27	4,66
ON61	59	4,48
ON62	3	0,10
ON63	9	1,49
ON64	86	12,98
NN1	16	1,42
NN2	90	22,12
NN3	16	2,80
NN4	82	15,77
NN5	7	0,01
NN6	28	6,56
NN7	22	2,39
NN8	19	2,32
NN9	41	4,27
NN10	98	2,05
NN11	94	19,11
NN12	35	2,99
NN13	12	0,50
NN14	52	11,95
NN15	57	6,02
NN16	79	7,91
NN17	0	0,00
NN18	95	12,21
NN19	44	2,88
NN20	42	4,87
NN21	85	3,44
NN22	38	8,48
NN23	4	0,78
NN24	30	4,20
NN25	68	11,06
NN26	75	8,81
NN27	52	1,22
NN28	47	4,53
NN29	89	5,56
NN30	89	6,62
NN31	1	0,06
NN32	46	11,04
NN33	38	6,71
NN34	84	12,43
NN35	60	12,13
NN36	23	5,12
NN37	8	0,30
NN38	37	5,61
NN39	4	0,85
NN40	93	21,58
NN41	50	9,05
NN42	51	4,17
NN43	90	5,00
NN44	54	4,10
NN45	87	11,65
NN46	0	0,00
NN47	26	2,32
NN48	61	4,85
NN49	22	1,34
NN50	10	1,32
NN51	55	4,55
NN52	24	0,76
NN53	54	11,61
NN54	86	0,17
NN55	32	3,15
NN56	66	6,25
NN57	50	12,20
NN58	6	1,38
NN59	72	13,02
NN60	69	8,15
NN61	78	1,03
NN62	93	7,45
NN63	61	8,10
NN64	29	4,58
MN1	5	0,34
MN2	50	3,96
MN3	56	4,54
MN4	19	3,72
MN5	100	0,17
MN6	51	8,95
MN7	10	1,96
MN8	22	1,88
MN9	12	0,37
MN10	68	12,59
MN11	53	6,93
MN12	12	1,50
MN13	57	13,06
MN14	94	8,28
MN15	25	5,63
MN16	49	4,75
MN17	4	0,95
MN18	56	11,35
MN19	53	12,87
MN20	71	11,83
MN21	83	17,55
MN22	39	7,59
MN23	58	11,87
MN24	80	12,40
MN25	93	13,92
MN26	46	0,59
MN27	71	10,63
MN28	73	11,21
MN29	50	1,53
MN30	50	9,41
MN31	97	22,71
MN32	67	0,41
MN33	89	7,38
MN34	25	0,01
MN35	3	0,48
MN36	64	3,94
MN37	97	10,07
MN38	82	2,14
MN39	83	3,03
MN40	17	1,15
MN41	62	12,04
MN42	77	5,19
MN43	93	16,23
MN44	73	10,22
MN45	35	5,26
MN46	42	6,57
MN47	60	11,67
MN48	85	9,83
MN49	32	0,43
MN50	40	8,97
MN51	50	2,34
MN52	44	4,30
MN53	65	12,61
MN54	26	3,74
MN55	26	5,73
MN56	14	0,58
MN57	27	3,84
MN58	96	16,98
MN59	39	6,06
MN60	100	14,06
MN61	11	0,05
MN62	89	12,70
MN63	83	10,64
MN64	65	0,72
LN1	49	2,57
LN2	27	3,28
LN3	99	15,10
LN4	82	18,43
LN5	62	11,69
LN6	88	18,77
LN7	5	1,17
LN8	64	10,91
LN9	29	6,59
LN10	19	0,73
LN11	61	8,74
LN12	50	9,98
LN13	96	20,09
LN14	83	4,41
LN15	72	16,37
LN16	95	9,18
LN17	80	16,49
LN18	88	6,95
LN19	16	1,88
LN20	30	2,33
LN21	4	0,69
LN22	3	0,05
LN23	21	2,68
LN24	11	0,25
LN25	56	8,45
LN26	58	11,72
LN27	98	2,01
LN28	37	8,53
LN29	62	1,96
LN30	2	0,23
LN31	54	1,11
LN32	36	5,76
LN33	84	9,73
LN34	37	1,44
LN35	2	0,33
LN36	20	2,52
LN37	87	14,97
LN38	50	12,28
LN39	57	4,59
LN40	71	1,21
LN41	38	0,71
LN42	33	0,44
LN43	84	20,56
LN44	7	0,19
LN45	2	0,31
LN46	63	14,93
LN47	42	6,31
LN48	43	7,11
LN49	63	7,43
LN50	31	2,06
LN51	61	0,22
LN52	41	5,97
LN53	100	21,84
LN54	55	2,36
LN55	35	8,54
LN56	65	14,60
LN57	59	6,99
LN58	31	4,57
LN59	40	9,52
LN60	27	1,08
LN61	42	6,10
LN62	44	3,35
LN63	23	3,12
LN64	64	9,51
KN1	100	8,62
KN2	94	17,75
KN3	49	1,74
KN4	61	8,24
KN5	82	3,09
KN6	79	12,10
KN7	84	1,19
KN8	37	7,50
KN9	38	6,43
KN10	56	5,69
KN11	12	0,47
KN12	76	1,93
KN13	65	12,78
KN14	49	6,14
KN15	29	7,13
KN16	5	0,45
KN17	26	4,69
KN18	23	3,16
KN19	41	2,04
KN20	39	2,09
KN21	56	13,55
KN22	98	7,24
KN23	48	4,84
KN24	99	24,68
KN25	41	6,72
KN26	26	0,68
KN27	96	9,85
KN28	2	0,43
KN29	1	0,11
KN30	51	0,42
KN31	31	3,34
KN32	90	12,79
KN33	6	0,77
KN34	19	2,11
KN35	56	12,42
KN36	63	0,43
KN37	6	0,87
KN38	39	2,81
KN39	6	0,11
KN40	41	7,97
KN41	55	10,11
KN42	59	0,95
KN43	3	0,32
KN44	100	11,87
KN45	20	1,12
KN46	62	4,29
KN47	20	3,51
KN48	65	5,00
KN49	51	8,24
KN50	72	13,71
KN51	1	0,08
KN52	92	0,17
KN53	27	2,26
KN54	31	5,99
KN55	47	6,06
KN56	78	8,37
KN57	92	5,05
KN58	11	2,66
KN59	25	3,97
KN60	37	2,47
KN61	90	2,70
KN62	93	13,44
KN63	9	1,66
KN64	18	1,76
JN1	40	9,72
JN2	74	1,95
JN3	83	2,09
JN4	22	3,29
JN5	19	2,00
JN6	3	0,42
JN7	40	3,91
JN8	62	2,79
JN9	65	14,72
JN10	2	0,08
JN11	25	0,47
JN12	8	1,33
JN13	38	4,91
JN14	35	4,95
JN15	18	3,87
JN16	35	4,14
JN17	90	16,88
JN18	5	0,89
JN19	32	3,78
JN20	49	9,27
JN21	69	11,58
JN22	99	14,67
JN23	66	10,62
JN24	30	6,39
JN25	80	19,47
JN26	86	7,29
JN27	35	7,27
JN28	38	9,32
JN29	79	0,94
JN30	38	1,74
JN31	82	19,97
JN32	62	9,32
JN33	11	0,84
JN34	28	6,30
JN35	99	10,84
JN36	64	13,19
JN37	50	10,42
JN38	34	7,27
JN39	49	2,64
JN40	20	3,39
JN41	5	0,94
JN42	16	0,75
JN43	84	11,48
JN44	10	1,83
JN45	50	8,60
JN46	1	0,24
JN47	45	2,32
JN48	14	2,31
JN49	25	1,86
JN50	61	1,78
JN51	57	13,61
JN52	40	7,00
JN53	32	6,91
JN54	81	7,23
JN55	43	10,49
JN56	10	1,92
JN57	64	13,76
JN58	64	3,09
JN59	20	2,58
JN60	47	0,40
JN61	1	0,15
JN62	61	14,13
JN63	80	9,75
JN64	96	5,84
IN1	70	1,95
IN2	63	1,27
IN3	82	7,20
IN4	56	10,97
IN5	100	17,71
IN6	84	10,65
IN7	21	1,77
IN8	44	8,07
IN9	95	5,94
IN10	10	1,15
IN11	79	16,27
IN12	14	1,70
IN13	7	0,48
IN14	1	0,24
IN15	79	11,38
IN16	54	5,60
IN17	54	12,07
IN18	95	12,49
IN19	38	5,32
IN20	6	0,32
IN21	75	2,02
IN22	7	0,87
IN23	17	0,26
IN24	72	17,93
IN25	37	5,51
IN26	4	0,79
IN27	30	0,45
IN28	78	2,32
IN29	22	1,69
IN30	53	6,55
IN31	89	0,56
IN32	47	10,61
IN33	10	1,77
IN34	95	0,98
IN35	40	6,88
IN36	50	11,12
IN37	65	14,45
IN38	21	0,79
IN39	73	13,80
IN40	66	3,57
IN41	90	13,08
IN42	1	0,16
IN43	82	2,08
IN44	77	16,81
IN45	62	9,39
IN46	18	4,09
IN47	6	0,88
IN48	57	2,68
IN49	95	7,54
IN50	22	2,79
IN51	18	1,73
IN52	49	9,41
IN53	97	6,54
IN54	4	0,74
IN55	36	5,09
IN56	76	7,94
IN57	89	12,62
IN58	49	5,27
IN59	61	7,02
IN60	69	1,79
IN61	30	1,51
IN62	80	4,15
IN63	17	2,34
IN64	4	0,01
HN1	84	2,13
HN2	26	4,10
HN3	64	8,64
HN4	43	10,34
HN5	89	14,78
HN6	94	6,70
HN7	67	9,24
HN8	35	2,23
HN9	61	1,96
HN10	72	11,98
HN11	43	7,45
HN12	70	10,94
HN13	70	6,68
HN14	39	1,95
HN15	7	0,98
HN16	8	1,52
HN17	21	3,15
HN18	79	1,59
HN19	78	15,36
HN20	10	0,28
HN21	1	0,12
HN22	54	11,01
HN23	94	6,28
HN24	21	4,94
HN25	96	23,40
HN26	93	10,57
HN27	72	6,89
HN28	75	14,92
HN29	59	8,40
HN30	44	3,31
HN31	97	7,58
HN32	55	4,84
HN33	54	2,47
HN34	25	4,44
HN35	94	7,89
HN36	70	9,62
HN37	32	4,03
HN38	94	2,70
HN39	72	0,32
HN40	64	5,53
HN41	96	18,09
HN42	53	11,09
HN43	16	0,75
HN44	78	2,54
HN45	25	2,79
HN46	36	5,07
HN47	64	11,94
HN48	14	3,17
HN49	25	2,23
HN50	9	0,89
HN51	17	2,57
HN52	69	12,71
HN53	86	1,58
HN54	90	9,60
HN55	100	7,96
HN56	100	18,44
HN57	39	2,19
HN58	76	9,12
HN59	26	2,89
HN60	66	15,70
HN61	24	5,03
HN62	90	10,00
HN63	91	3,46
HN64	48	11,01
GN1	61	2,90
GN2	17	4,07
GN3	23	1,09
GN4	12	1,51
GN5	80	0,92
GN6	71	11,42
GN7	34	0,33
GN8	91	16,02
GN9	26	2,07
GN10	26	1,37
GN11	17	3,65
GN12	17	2,45
GN13	13	2,77
GN14	79	15,56
GN15	88	16,02
GN16	83	6,40
GN17	98	9,13
GN18	81	13,72
GN19	76	11,95
GN20	73	10,27
GN21	48	6,62
GN22	9	1,03
GN23	64	11,87
GN24	74	13,30
GN25	40	5,74
GN26	8	1,80
GN27	61	11,35
GN28	68	9,09
GN29	100	19,00
GN30	22	2,89
GN31	50	0,94
GN32	75	16,65
GN33	19	1,94
GN34	17	3,94
GN35	15	1,87
GN36	46	9,26
GN37	57	4,77
GN38	60	0,10
GN39	80	14,30
GN40	80	17,45
GN41	83	9,32
GN42	62	3,19
GN43	1	0,08
GN44	86	7,14
GN45	92	3,52
GN46	68	10,40
GN47	85	2,86
GN48	22	4,01
GN49	34	3,62
GN50	19	1,84
GN51	58	4,68
GN52	89	19,87
GN53	29	0,67
GN54	18	2,02
GN55	9	0,42
GN56	84	5,62
GN57	31	0,17
GN58	6	0,95
GN59	75	12,23
GN60	15	0,87
GN61	6	1,25
GN62	54	9,06
GN63	78	1,31
GN64	87	20,75
FN1	44	1,43
FN2	79	7,03
FN3	60	11,85
FN4	99	15,56
FN5	83	6,39
FN6	27	0,45
FN7	40	2,46
FN8	30	4,27
FN9	69	9,57
FN10	70	8,43
FN11	64	7,67
FN12	27	3,98
FN13	97	23,29
FN14	98	21,35
FN15	30	4,30
FN16	60	6,38
FN17	76	7,10
FN18	72	12,11
FN19	0	0,00
FN20	79	12,06
FN21	72	1,67
FN22	94	6,90
FN23	13	3,04
FN24	78	4,25
FN25	40	4,55
FN26	69	1,86
FN27	46	9,66
FN28	37	1,94
FN29	29	7,07
FN30	78	10,22
FN31	25	0,97
FN32	28	5,97
FN33	92	19,80
FN34	67	12,11
FN35	36	7,31
FN36	41	6,93
FN37	47	6,26
FN38	58	3,58
FN39	4	0,05
FN40	25	5,00
FN41	68	1,69
FN42	83	1,10
FN43	79	11,71
FN44	32	1,95
FN45	75	13,84
FN46	35	7,88
FN47	79	16,19
FN48	96	19,49
FN49	64	7,71
FN50	97	1,17
FN51	55	0,47
FN52	1	0,16
FN53	9	0,09
FN54	77	4,13
FN55	70	2,47
FN56	63	1,31
FN57	9	0,10
FN58	67	8,62
FN59	78	11,08
FN60	65	2,02
FN61	63	7,22
FN62	65	12,57
FN63	10	1,81
FN64	98	3,97
EN1	33	6,38
EN2	60	0,84
EN3	17	3,79
EN4	3	0,56
EN5	2	0,10
EN6	54	8,41
EN7	93	3,69
EN8	96	4,94
EN9	68	1,98
EN10	65	10,76
EN11	41	8,03
EN12	56	0,42
EN13	38	8,10
EN14	34	1,56
EN15	100	6,56
EN16	74	7,15
EN17	23	0,04
EN18	76	6,10
EN19	97	8,43
EN20	42	6,07
EN21	77	12,02
EN22	87	21,22
EN23	79	6,96
EN24	93	12,43
EN25	36	7,92
EN26	63	4,77
EN27	56	3,03
EN28	64	6,20
EN29	82	1,50
EN30	85	19,68
EN31	65	1,44
EN32	35	2,95
EN33	50	5,17
EN34	76	18,80
EN35	94	12,21
EN36	12	1,63
EN37	100	8,45
EN38	63	4,13
EN39	61	12,47
EN40	14	2,35
EN41	12	2,94
EN42	40	3,98
EN43	55	8,91
EN44	64	14,57
EN45	43	9,43
EN46	68	4,39
EN47	29	4,28
EN48	84	18,68
EN49	75	0,50
EN50	49	9,54
EN51	65	1,92
EN52	60	11,65
EN53	46	1,26
EN54	65	5,59
EN55	57	3,58
EN56	65	2,17
EN57	33	7,20
EN58	57	13,14
EN59	53	0,95
EN60	94	15,80
EN61	27	3,77
EN62	55	4,62
EN63	2	0,15
EN64	33	0,07
DN1	58	9,59
DN2	20	0,36
DN3	16	0,81
DN4	55	10,84
DN5	26	2,22
DN6	33	6,68
DN7	25	2,45
DN8	13	0,59
DN9	83	8,81
DN10	50	7,12
DN11	36	1,53
DN12	4	0,71
DN13	99	3,31
DN14	90	19,46
DN15	56	10,25
DN16	79	14,32
DN17	64	8,32
DN18	83	12,84
DN19	17	3,22
DN20	68	6,92
DN21	92	21,52
DN22	36	7,24
DN23	80	13,19
DN24	54	4,19
DN25	24	5,38
DN26	55	11,23
DN27	33	2,96
DN28	89	15,03
DN29	33	2,26
DN30	11	1,32
DN31	13	0,67
DN32	71	9,24
DN33	51	11,85
DN34	64	5,17
DN35	74	10,45
DN36	72	8,97
DN37	88	14,76
DN38	93	7,67
DN39	9	1,07
DN40	25	5,72
DN41	100	20,20
DN42	38	7,79
DN43	36	8,00
DN44	3	0,00
DN45	95	11,89
DN46	18	1,56
DN47	28	0,35
DN48	30	4,69
DN49	24	4,20
DN50	51	8,10
DN51	21	4,88
DN52	36	8,77
DN53	76	11,11
DN54	5	0,65
DN55	44	8,72
DN56	68	10,04
DN57	56	2,46
DN58	62	10,45
DN59	2	0,26
DN60	70	2,26
DN61	62	1,97
DN62	6	0,73
DN63	87	17,24
DN64	78	14,11
CN1	73	11,39
CN2	41	0,43
CN3	88	15,02
CN4	66	9,67
CN5	5	1,07
CN6	49	4,83
CN7	29	2,07
CN8	51	7,84
CN9	46	7,31
CN10	51	6,42
CN11	4	0,30
CN12	82	4,97
CN13	63	7,23
CN14	45	3,46
CN15	86	16,71
CN16	100	14,26
CN17	61	9,04
CN18	55	2,04
CN19	61	0,43
CN20	14	0,01
CN21	60	10,40
CN22	68	9,50
CN23	56	10,70
CN24	26	0,51
CN25	40	9,38
CN26	100	22,94
CN27	69	13,56
CN28	74	1,13
CN29	79	14,75
CN30	30	6,75
CN31	50	9,00
CN32	21	0,09
CN33	14	2,98
CN34	77	16,66
CN35	37	6,40
CN36	47	7,94
CN37	41	7,48
CN38	22	2,31
CN39	87	5,81
CN40	54	2,46
CN41	25	2,04
CN42	73	5,48
CN43	59	7,59
CN44	7	0,27
CN45	50	4,90
CN46	72	9,05
CN47	15	2,66
CN48	34	8,10
CN49	56	12,20
CN50	57	2,67
CN51	72	16,08
CN52	86	21,19
CN53	41	4,26
CN54	53	4,45
CN55	43	3,61
CN56	64	2,99
CN57	15	1,12
CN58	55	6,23
CN59	41	9,07
CN60	13	0,99
CN61	43	9,76
CN62	60	10,94
CN63	47	1,79
CN64	13	2,09
BN1	34	3,14
BN2	36	0,66
BN3	6	0,94
BN4	93	4,13
BN5	45	10,35
BN6	95	6,16
BN7	96	23,88
BN8	77	10,25
BN9	37	2,17
BN10	85	1,87
BN11	100	4,53
BN12	59	5,52
BN13	30	1,01
BN14	67	16,75
BN15	36	1,33
BN16	97	24,16
BN17	4	0,93
BN18	42	9,69
BN19	4	0,78
BN20	45	6,52
BN21	17	0,15
BN22	93	8,06
BN23	98	22,53
BN24	66	10,08
BN25	41	4,24
BN26	45	7,45
BN27	39	1,45
BN28	61	3,93
BN29	25	1,29
BN30	27	4,75
BN31	24	4,93
BN32	51	2,85
BN33	5	1,00
BN34	98	3,66
BN35	58	7,72
BN36	40	6,09
BN37	32	4,66
BN38	90	0,88
BN39	38	2,74
BN40	82	14,37
BN41	80	18,20
BN42	39	0,63
BN43	28	4,40
BN44	27	2,16
BN45	31	6,00
BN46	53	7,63
BN47	4	0,08
BN48	6	0,63
BN49	77	4,54
BN50	8	0,70
BN51	8	1,19
BN52	99	1,42
BN53	73	15,06
BN54	6	0,18
BN55	35	7,31
BN56	15	2,12
BN57	11	2,37
BN58	14	2,27
BN59	37	7,08
BN60	53	11,93
BN61	49	12,06
BN62	23	4,65
BN63	56	4,79
BN64	74	10,26
AN1	88	1,71
AN2	58	8,49
AN3	30	5,87
AN4	98	4,16
AN5	82	7,92
AN6	80	4,96
AN7	38	5,61
AN8	21	1,04
AN9	77	12,08
AN10	75	2,14
AN11	10	0,71
AN12	31	2,64
AN13	93	16,36
AN14	15	1,39
AN15	49	7,90
AN16	22	1,99
AN17	97	21,16
AN18	81	4,61
AN19	40	3,50
AN20	94	0,05
AN21	86	3,53
AN22	20	2,22
AN23	86	17,43
AN24	81	5,15
AN25	95	7,22
AN26	49	8,99
AN27	34	2,69
AN28	28	0,34
AN29	65	8,24
AN30	10	0,15
AN31	89	17,24
AN32	54	8,80
AN33	21	0,87
AN34	53	12,49
AN35	59	10,37
AN36	87	12,31
AN37	60	11,37
AN38	8	0,15
AN39	60	9,02
AN40	28	4,29
AN41	32	1,19
AN42	41	4,41
AN43	49	4,00
AN44	68	1,68
AN45	47	10,73
AN46	36	7,03
AN47	25	4,88
AN48	32	4,27
AN49	51	5,19
AN50	46	2,80
AN51	3	0,67
AN52	67	4,34
AN53	74	16,57
AN54	11	2,22
AN55	5	0,92
AN56	14	2,15
AN57	99	8,85
AN58	28	1,40
AN59	42	5,92
AN60	83	17,99
AN61	39	3,71
AN62	82	10,92
AN63	7	0,78
AN64	5	0,05
BS1	53	13,24
BS2	9	0,35
BS3	29	2,96
BS4	5	0,10
BS5	73	6,63
BS6	48	0,06
BS7	38	1,40
BS8	34	3,95
BS9	6	1,11
BS10	58	5,58
BS11	93	14,14
BS12	78	3,95
BS13	23	3,15
BS14	56	8,78
BS15	100	5,16
BS16	84	13,74
BS17	29	6,92
BS18	15	1,75
BS19	5	1,08
BS20	24	0,78
BS21	49	11,54
BS22	66	2,29
BS23	19	3,10
BS24	88	6,19
BS25	60	11,33
BS26	85	6,14
BS27	1	0,12
BS28	54	8,51
BS29	72	4,25
BS30	20	3,17
BS31	35	0,06
BS32	18	1,28
BS33	75	13,18
BS34	22	0,50
BS35	43	9,65
BS36	15	3,37
BS37	37	7,82
BS38	74	11,91
BS39	26	2,06
BS40	12	0,95
BS41	16	1,78
BS42	99	16,04
BS43	62	12,36
BS44	47	1,12
BS45	80	14,05
BS46	56	7,53
BS47	54	8,03
BS48	28	0,71
BS49	76	9,71
BS50	14	0,06
BS51	45	10,82
BS52	39	8,06
BS53	6	0,25
BS54	78	14,73
BS55	80	0,84
BS56	43	8,87
BS57	62	11,35
BS58	5	0,55
BS59	26	3,46
BS60	28	5,14
BS61	42	6,80
BS62	8	1,26
BS63	51	9,68
BS64	25	5,07
CS1	5	0,05
CS2	52	4,64
CS3	21	2,11
CS4	62	10,50
CS5	81	16,51
CS6	75	15,40
CS7	73	15,28
CS8	44	1,27
CS9	70	10,56
CS10	93	13,01
CS11	6	1,20
CS12	21	1,00
CS13	58	6,88
CS14	70	10,70
CS15	22	0,06
CS16	98	20,54
CS17	77	10,29
CS18	97	0,06
CS19	21	1,89
CS20	86	3,51
CS21	40	4,83
CS22	59	8,57
CS23	57	4,08
CS24	74	4,25
CS25	73	12,24
CS26	48	9,62
CS27	70	4,01
CS28	75	17,92
CS29	76	5,86
CS30	39	4,15
CS31	31	1,61
CS32	84	19,21
CS33	79	2,46
CS34	53	4,78
CS35	27	6,63
CS36	7	0,66
CS37	69	1,45
CS38	75	17,31
CS39	25	4,35
CS40	13	2,64
CS41	12	1,84
CS42	62	11,57
CS43	80	8,20
CS44	55	3,51
CS45	66	4,32
CS46	15	1,18
CS47	46	7,00
CS48	2	0,29
CS49	70	13,62
CS50	78	13,74
CS51	71	8,18
CS52	82	10,43
CS53	75	4,19
CS54	84	12,80
CS55	55	6,15
CS56	32	4,97
CS57	8	1,99
CS58	85	20,17
CS59	15	3,32
CS60	0	0,00
CS61	39	4,47
CS62	71	10,42
CS63	24	5,32
CS64	86	1,59
DS1	67	6,16
DS2	17	2,60
DS3	9	0,84
DS4	99	8,14
DS5	52	2,01
DS6	88	10,55
DS7	52	0,36
DS8	21	1,09
DS9	5	1,19
DS10	71	17,68
DS11	48	2,74
DS12	84	1,07
DS13	83	6,50
DS14	58	9,14
DS15	56	7,92
DS16	54	2,61
DS17	76	7,02
DS18	1	0,00
DS19	25	5,37
DS20	74	18,18
DS21	29	5,42
DS22	54	8,36
DS23	46	3,02
DS24	55	3,42
DS25	29	2,22
DS26	72	16,30
DS27	94	15,75
DS28	41	0,80
DS29	54	7,53
DS30	98	15,19
DS31	46	4,79
DS32	100	12,11
DS33	28	4,86
DS34	61	4,37
DS35	81	1,77
DS36	56	7,73
DS37	42	10,05
DS38	100	0,19
DS39	96	5,64
DS40	29	0,38
DS41	32	3,70
DS42	15	1,40
DS43	16	3,25
DS44	14	0,74
DS45	86	11,38
DS46	95	11,14
DS47	78	5,42
DS48	15	1,50
DS49	58	2,05
DS50	24	0,43
DS51	1	0,14
DS52	35	7,93
DS53	6	0,45
DS54	88	2,98
DS55	38	3,77
DS56	22	3,91
DS57	47	9,32
DS58	43	4,02
DS59	22	4,87
DS60	58	4,15
DS61	47	2,45
DS62	44	5,44
DS63	94	19,48
DS64	26	5,54
ES1	80	19,82
ES2	13	0,09
ES3	12	2,25
ES4	86	7,32
ES5	9	1,88
ES6	68	1,63
ES7	50	4,64
ES8	30	3,12
ES9	22	4,57
ES10	25	3,72
ES11	86	1,93
ES12	51	4,96
ES13	14	1,79
ES14	59	4,54
ES15	68	13,59
ES16	73	12,06
ES17	8	0,43
ES18	31	2,27
ES19	5	0,59
ES20	93	11,56
ES21	1	0,03
ES22	38	6,14
ES23	59	13,97
ES24	34	3,74
ES25	72	15,51
ES26	31	1,84
ES27	78	9,73
ES28	82	10,17
ES29	10	0,83
ES30	90	9,55
ES31	96	2,94
ES32	89	9,70
ES33	89	18,22
ES34	49	0,12
ES35	58	10,19
ES36	23	0,43
ES37	8	1,57
ES38	52	9,70
ES39	59	11,29
ES40	36	2,48
ES41	5	0,50
ES42	94	15,16
ES43	27	0,14
ES44	37	5,82
ES45	42	9,00
ES46	63	1,58
ES47	70	9,27
ES48	36	3,17
ES49	55	11,34
ES50	75	8,48
ES51	76	1,68
ES52	80	16,40
ES53	41	8,87
ES54	35	0,57
ES55	76	3,71
ES56	20	2,14
ES57	74	0,58
ES58	8	0,60
ES59	81	18,94
ES60	63	0,83
ES61	3	0,45
ES62	15	3,34
ES63	80	1,69
ES64	39	3,31
FS1	0	0,00
FS2	36	2,18
FS3	0	0,00
FS4	95	7,21
FS5	29	6,85
FS6	64	15,41
FS7	43	9,69
FS8	97	9,22
FS9	91	3,54
FS10	39	6,30
FS11	94	11,71
FS12	28	0,09
FS13	89	16,04
FS14	49	5,21
FS15	95	3,78
FS16	63	2,95
FS17	93	9,57
FS18	32	1,39
FS19	36	4,43
FS20	11	2,71
FS21	46	0,94
FS22	45	5,01
FS23	27	4,11
FS24	64	3,30
FS25	74	1,49
FS26	57	4,03
FS27	19	0,49
FS28	60	7,44
FS29	64	1,46
FS30	76	17,43
FS31	70	6,19
FS32	0	0,00
FS33	79	12,77
FS34	9	0,29
FS35	29	5,58
FS36	5	0,07
FS37	68	5,52
FS38	52	7,66
FS39	54	7,38
FS40	46	4,05
FS41	65	0,27
FS42	83	20,38
FS43	40	5,18
FS44	87	11,78
FS45	48	7,23
FS46	84	18,60
FS47	32	6,84
FS48	5	1,10
FS49	47	11,06
FS50	99	14,64
FS51	86	12,22
FS52	89	13,18
FS53	15	0,81
FS54	71	16,73
FS55	93	2,26
FS56	61	1,16
FS57	59	6,50
FS58	64	1,19
FS59	84	14,33
FS60	45	6,44
FS61	54	3,23
FS62	98	14,76
FS63	0	0,00
FS64	24	1,46
GS1	81	19,77
GS2	77	5,19
GS3	32	0,16
GS4	57	6,23
GS5	30	6,02
GS6	100	9,92
GS7	44	1,40
GS8	62	0,67
GS9	23	1,95
GS10	57	9,49
GS11	86	12,42
GS12	1	0,07
GS13	43	4,34
GS14	59	11,29
GS15	77	13,54
GS16	85	1,43
GS17	58	7,12
GS18	97	7,12
GS19	8	0,95
GS20	23	2,51
GS21	40	6,48
GS22	58	0,45
GS23	78	10,00
GS24	0	0,00
GS25	21	4,39
GS26	40	2,18
GS27	40	6,57
GS28	36	4,46
GS29	30	7,43
GS30	99	22,02
GS31	68	13,14
GS32	77	15,41
GS33	53	8,71
GS34	36	4,78
GS35	21	4,09
GS36	86	8,95
GS37	53	4,70
GS38	53	5,66
GS39	74	6,63
GS40	68	2,29
GS41	23	3,98
GS42	35	8,41
GS43	90	7,74
GS44	36	6,35
GS45	9	1,63
GS46	31	7,17
GS47	91	9,13
GS48	92	10,65
GS49	83	1,72
GS50	16	1,98
GS51	8	0,73
GS52	91	10,27
GS53	42	0,79
GS54	46	11,10
GS55	25	2,52
GS56	66	4,49
GS57	27	1,24
GS58	63	10,45
GS59	14	0,35
GS60	58	6,64
GS61	32	1,89
GS62	38	5,66
GS63	98	13,48
GS64	52	1,63
HS1	51	12,07
HS2	34	2,91
HS3	82	13,70
HS4	25	5,83
HS5	57	7,81
HS6	82	11,85
HS7	33	1,01
HS8	44	10,97
HS9	60	13,08
HS10	93	5,78
HS11	53	7,39
HS12	98	10,15
HS13	99	10,25
HS14	79	18,93
HS15	87	4,23
HS16	6	0,43
HS17	37	7,03
HS18	76	9,09
HS19	71	6,29
HS20	6	1,36
HS21	31	0,91
HS22	24	2,97
HS23	62	0,26
HS24	69	10,60
HS25	0	0,00
HS26	45	8,50
HS27	17	0,90
HS28	23	2,24
HS29	6	0,73
HS30	86	14,81
HS31	37	7,13
HS32	6	1,01
HS33	88	5,66
HS34	34	2,17
HS35	45	9,65
HS36	99	5,00
HS37	15	1,03
HS38	47	5,19
HS39	97	14,45
HS40	70	13,88
HS41	68	2,98
HS42	80	3,04
HS43	52	2,50
HS44	29	6,80
HS45	11	1,03
HS46	90	13,23
HS47	28	0,49
HS48	52	12,14
HS49	50	11,49
HS50	10	0,68
HS51	45	8,43
HS52	28	5,98
HS53	99	4,59
HS54	30	6,21
HS55	53	7,32
HS56	2	0,15
HS57	44	4,96
HS58	31	3,78
HS59	81	12,00
HS60	40	9,70
HS61	45	8,89
HS62	24	4,87
HS63	78	1,28
HS64	21	3,95
IS1	5	0,77
IS2	22	4,16
IS3	84	8,58
IS4	30	2,21
IS5	62	11,46
IS6	13	1,29
IS7	95	14,87
IS8	96	19,92
IS9	53	12,12
IS10	38	8,58
IS11	92	19,92
IS12	38	8,66
IS13	49	7,34
IS14	69	5,57
IS15	70	3,39
IS16	64	14,00
IS17	49	10,96
IS18	88	12,70
IS19	59	7,63
IS20	83	17,42
IS21	23	3,38
IS22	61	12,92
IS23	98	16,25
IS24	20	3,21
IS25	78	13,39
IS26	16	3,95
IS27	24	4,74
IS28	47	10,46
IS29	58	13,33
IS30	66	1,04
IS31	0	0,00
IS32	87	11,86
IS33	68	6,33
IS34	28	2,22
IS35	37	8,05
IS36	86	20,62
IS37	7	1,22
IS38	73	17,19
IS39	20	1,81
IS40	31	1,28
IS41	39	1,83
IS42	26	6,28
IS43	82	10,24
IS44	35	4,01
IS45	0	0,00
IS46	73	6,46
IS47	11	1,66
IS48	93	19,54
IS49	66	12,96
IS50	39	9,44
IS51	50	0,04
IS52	18	3,75
IS53	11	2,47
IS54	16	2,28
IS55	36	1,92
IS56	42	4,28
IS57	1	0,01
IS58	86	5,76
IS59	50	0,97
IS60	72	6,49
IS61	61	11,97
IS62	100	0,41
IS63	44	7,61
IS64	17	1,82
JS1	87	3,19
JS2	80	14,24
JS3	59	1,92
JS4	39	6,74
JS5	95	22,42
JS6	0	0,00
JS7	52	1,69
JS8	66	7,65
JS9	50	11,19
JS10	76	17,18
JS11	45	2,52
JS12	7	1,43
JS13	42	4,09
JS14	70	12,43
JS15	79	3,04
JS16	22	1,26
JS17	78	10,52
JS18	30	2,30
JS19	30	6,81
JS20	79	8,64
JS21	60	8,49
JS22	67	14,47
JS23	96	6,57
JS24	88	15,42
JS25	89	12,04
JS26	91	5,09
JS27	58	7,02
JS28	9	1,97
JS29	100	2,92
JS30	70	0,07
JS31	98	6,64
JS32	83	10,24
JS33	65	0,70
JS34	73	10,29
JS35	88	11,15
JS36	58	0,90
JS37	69	0,78
JS38	30	1,60
JS39	2	0,28
JS40	9	0,22
JS41	12	0,04
JS42	78	9,75
JS43	43	5,84
JS44	13	0,78
JS45	72	7,08
JS46	26	4,28
JS47	32	5,54
JS48	25	4,87
JS49	59	4,15
JS50	40	4,31
JS51	68	8,60
JS52	8	0,67
JS53	39	7,56
JS54	37	3,82
JS55	49	4,68
JS56	24	1,45
JS57	0	0,00
JS58	35	7,62
JS59	87	1,92
JS60	37	2,00
JS61	88	8,50
JS62	67	10,70
JS63	27	5,40
JS64	73	6,39
KS1	70	1,83
KS2	79	3,19
KS3	51	1,26
KS4	20	1,44
KS5	81	6,75
KS6	62	1,68
KS7	100	24,41
KS8	59	7,41
KS9	82	2,08
KS10	85	2,72
KS11	32	5,91
KS12	5	0,14
KS13	65	6,40
KS14	12	1,05
KS15	0	0,00
KS16	31	3,72
KS17	66	14,80
KS18	84	1,93
KS19	0	0,00
KS20	80	19,68
KS21	10	1,40
KS22	30	6,96
KS23	1	0,01
KS24	52	10,88
KS25	23	3,68
KS26	3	0,64
KS27	80	10,85
KS28	42	7,60
KS29	81	19,88
KS30	50	7,40
KS31	14	0,14
KS32	84	3,43
KS33	28	0,12
KS34	61	7,80
KS35	80	7,59
KS36	53	0,78
KS37	8	0,28
KS38	86	7,74
KS39	85	21,25
KS40	94	18,46
KS41	92	2,05
KS42	43	4,02
KS43	43	5,74
KS44	71	6,15
KS45	51	4,86
KS46	40	7,34
KS47	37	0,45
KS48	30	5,58
KS49	52	11,20
KS50	43	1,41
KS51	69	14,39
KS52	42	5,97
KS53	57	2,44
KS54	65	9,92
KS55	12	1,42
KS56	7	0,18
KS57	36	0,85
KS58	96	3,66
KS59	81	17,51
KS60	82	16,44
KS61	64	10,14
KS62	99	15,36
KS63	27	5,53
KS64	28	6,62
LS1	48	0,79
LS2	35	5,69
LS3	63	0,73
LS4	96	14,48
LS5	8	0,56
LS6	38	8,75
LS7	40	4,50
LS8	92	13,21
LS9	40	2,76
LS10	51	11,52
LS11	85	21,21
LS12	8	0,05
LS13	26	6,46
LS14	22	3,82
LS15	0	0,00
LS16	90	18,46
LS17	92	7,43
LS18	29	6,65
LS19	77	9,28
LS20	98	4,83
LS21	51	8,64
LS22	41	8,93
LS23	25	3,92
LS24	96	11,00
LS25	2	0,21
LS26	1	0,04
LS27	45	5,27
LS28	69	11,65
LS29	73	1,60
LS30	82	17,22
LS31	18	0,48
LS32	70	1,77
LS33	65	5,57
LS34	34	1,66
LS35	18	0,52
LS36	94	0,43
LS37	92	18,23
LS38	80	2,95
LS39	38	4,41
LS40	70	2,20
LS41	84	12,81
LS42	38	5,53
LS43	72	12,76
LS44	19	1,31
LS45	78	6,20
LS46	57	6,54
LS47	64	8,28
LS48	12	1,40
LS49	49	5,28
LS50	77	0,41
LS51	80	17,04
LS52	10	0,87
LS53	39	8,18
LS54	31	2,23
LS55	34	3,57
LS56	39	3,27
LS57	82	12,14
LS58	95	18,96
LS59	87	9,72
LS60	74	7,53
LS61	37	0,30
LS62	52	3,32
LS63	41	3,32
LS64	89	4,80
MS1	13	0,66
MS2	18	0,72
MS3	91	6,11
MS4	7	1,47
MS5	16	3,75
MS6	0	0,00
MS7	18	3,93
MS8	54	9,14
MS9	70	3,60
MS10	77	16,35
MS11	81	3,27
MS12	30	3,08
MS13	45	10,54
MS14	36	2,28
MS15	49	8,40
MS16	0	0,00
MS17	55	12,64
MS18	49	1,97
MS19	92	3,85
MS20	23	3,29
MS21	54	2,87
MS22	96	19,76
MS23	74	4,65
MS24	65	10,98
MS25	71	0,95
MS26	49	2,07
MS27	40	1,11
MS28	66	2,56
MS29	48	3,26
MS30	75	10,02
MS31	96	21,83
MS32	64	1,60
MS33	25	6,03
MS34	92	0,17
MS35	72	8,11
MS36	53	11,53
MS37	22	2,27
MS38	44	9,32
MS39	89	18,51
MS40	73	0,96
MS41	89	2,44
MS42	4	0,33
MS43	30	3,20
MS44	39	3,04
MS45	95	5,51
MS46	83	4,06
MS47	78	3,18
MS48	62	11,80
MS49	19	4,45
MS50	81	7,53
MS51	22	4,44
MS52	17	1,85
MS53	50	6,47
MS54	27	1,94
MS55	34	6,39
MS56	5	0,81
MS57	73	12,65
MS58	86	3,68
MS59	56	10,77
MS60	62	10,62
MS61	52	1,96
MS62	70	0,61
MS63	100	3,43
MS64	86	1,76
NS1	47	10,31
NS2	59	14,12
NS3	54	9,67
NS4	69	4,16
NS5	72	15,45
NS6	64	1,90
NS7	52	9,07
NS8	70	9,07
NS9	49	3,94
NS10	92	16,66
NS11	81	1,19
NS12	82	1,37
NS13	31	7,21
NS14	7	0,79
NS15	61	2,25
NS16	30	7,14
NS17	64	2,05
NS18	41	4,58
NS19	37	2,53
NS20	87	15,71
NS21	68	4,16
NS22	10	0,13
NS23	93	18,32
NS24	29	4,69
NS25	79	18,69
NS26	39	5,40
NS27	15	2,86
NS28	19	0,62
NS29	69	3,96
NS30	86	1,75
NS31	82	3,64
NS32	93	12,69
NS33	90	7,11
NS34	99	13,49
NS35	100	8,12
NS36	5	0,94
NS37	29	4,25
NS38	2	0,04
NS39	56	2,17
NS40	52	11,50
NS41	83	1,28
NS42	11	2,46
NS43	69	4,47
NS44	33	7,07
NS45	25	5,66
NS46	95	15,14
NS47	0	0,00
NS48	15	3,27
NS49	81	19,54
NS50	16	2,47
NS51	45	4,74
NS52	38	8,39
NS53	19	2,49
NS54	19	0,06
NS55	87	15,43
NS56	97	11,88
NS57	92	4,54
NS58	54	2,06
NS59	73	13,75
NS60	35	0,01
NS61	35	1,84
NS62	96	11,79
NS63	2	0,21
NS64	33	6,01
OS1	98	5,94
OS2	61	6,55
OS3	38	0,85
OS4	34	3,59
OS5	59	8,37
OS6	92	10,54
OS7	71	10,62
OS8	54	11,64
OS9	72	5,20
OS10	59	3,91
OS11	58	4,05
OS12	25	0,55
OS13	71	4,12
OS14	14	1,63
OS15	26	3,25
OS16	74	10,40
OS17	18	1,47
OS18	28	3,39
OS19	2	0,46
OS20	21	3,82
OS21	2	0,12
OS22	28	5,64
OS23	94	20,18
OS24	38	8,79
OS25	63	6,67
OS26	2	0,19
OS27	20	1,25
OS28	86	9,65
OS29	71	1,92
OS30	23	2,02
OS31	99	0,57
OS32	50	9,46
OS33	48	10,94
OS34	98	11,03
OS35	91	22,14
OS36	93	7,96
OS37	49	8,26
OS38	85	14,10
OS39	89	16,84
OS40	30	5,01
OS41	1	0,12
OS42	70	7,57
OS43	21	0,46
OS44	92	18,03
OS45	65	7,72
OS46	52	8,47
OS47	49	11,07
OS48	11	2,23
OS49	85	7,06
OS50	69	3,47
OS51	58	14,33
OS52	77	7,34
OS53	34	2,99
OS54	56	3,79
OS55	52	4,18
OS56	63	5,53
OS57	55	1,19
OS58	28	6,93
OS59	85	8,56
OS60	81	15,66
OS61	76	12,94
OS62	83	0,89
OS63	52	9,82
OS64	92	21,73
PS1	70	14,46
PS2	8	1,87
PS3	18	4,20
PS4	46	8,31
PS5	62	2,51
PS6	7	0,68
PS7	50	7,14
PS8	74	16,17
PS9	36	5,41
PS10	88	0,75
PS11	39	2,62
PS12	40	2,12
PS13	13	0,81
PS14	73	1,15
PS15	47	6,08
PS16	6	0,89
PS17	92	9,65
PS18	66	15,01
PS19	4	0,35
PS20	17	2,02
PS21	16	2,39
PS22	29	1,18
PS23	93	21,57
PS24	85	16,89
PS25	35	2,44
PS26	16	0,12
PS27	38	0,26
PS28	50	2,31
PS29	44	1,11
PS30	60	7,80
PS31	88	0,79
PS32	51	4,22
PS33	90	21,23
PS34	17	1,10
PS35	96	0,50
PS36	80	4,58
PS37	10	1,02
PS38	36	4,02
PS39	96	7,81
PS40	59	7,66
PS41	25	2,92
PS42	38	8,23
PS43	36	1,73
PS44	48	9,33
PS45	61	0,26
PS46	3	0,09
PS47	70	1,26
PS48	55	9,73
PS49	0	0,00
PS50	66	6,89
PS51	68	7,90
PS52	25	3,75
PS53	19	1,25
PS54	77	2,27
PS55	8	1,02
PS56	79	2,83
PS57	92	2,65
PS58	87	2,91
PS59	43	9,64
PS60	48	9,80
PS61	12	2,63
PS62	0	0,00
PS63	89	5,88
PS64	24	2,84
QS1	5	0,16
QS2	74	11,95
QS3	4	0,73
QS4	6	0,82
QS5	52	11,79
QS6	3	0,64
QS7	41	0,22
QS8	6	0,69
QS9	28	1,21
QS10	41	2,67
QS11	30	3,14
QS12	80	3,10
QS13	50	1,66
QS14	42	4,78
QS15	73	9,57
QS16	48	8,74
QS17	18	1,95
QS18	53	1,80
QS19	21	0,02
QS20	85	0,02
QS21	98	8,34
QS22	42	9,11
QS23	41	4,03
QS24	62	9,64
QS25	67	6,31
QS26	14	3,46
QS27	18	1,22
QS28	88	21,61
QS29	23	0,22
QS30	41	9,36
QS31	46	4,36
QS32	96	11,70
QS33	82	17,92
QS34	80	4,73
QS35	63	9,10
QS36	15	0,85
QS37	18	2,20
QS38	24	0,98
QS39	80	0,15
QS40	81	19,68
QS41	66	14,89
QS42	36	6,30
QS43	14	1,24
QS44	39	6,60
QS45	98	3,62
QS46	98	19,49
QS47	72	13,51
QS48	70	2,52
QS49	99	1,63
QS50	81	5,22
QS51	12	1,69
QS52	27	3,58
QS53	22	4,84
QS54	24	4,21
QS55	92	3,90
QS56	97	12,72
QS57	31	3,14
QS58	72	1,61
QS59	32	5,46
QS60	1	0,17
QS61	20	2,74
QS62	47	6,87
QS63	23	3,90
QS64	55	4,76
RS1	71	4,05
RS2	33	3,19
RS3	68	16,72
RS4	28	5,02
RS5	65	13,44
RS6	50	1,01
RS7	9	1,93
RS8	100	15,31
RS9	3	0,70
RS10	45	7,74
RS11	60	2,51
RS12	30	7,24
RS13	3	0,27
RS14	39	1,31
RS15	29	3,52
RS16	21	4,14
RS17	79	2,13
RS18	39	1,88
RS19	31	4,97
RS20	12	2,52
RS21	48	7,31
RS22	47	2,12
RS23	64	10,90
RS24	21	1,02
RS25	69	4,25
RS26	99	18,07
RS27	15	3,65
RS28	20	1,99
RS29	67	16,54
RS30	94	20,06
RS31	56	12,34
RS32	26	2,68
RS33	60	0,43
RS34	12	0,70
RS35	72	5,97
RS36	93	16,98
RS37	42	1,73
RS38	50	3,39
RS39	79	9,93
RS40	87	6,90
RS41	46	10,78
RS42	49	10,68
RS43	44	10,35
RS44	64	13,12
RS45	82	12,60
RS46	93	2,86
RS47	59	7,54
RS48	66	8,37
RS49	37	5,22
RS50	41	2,57
RS51	93	19,82
RS52	30	6,24
RS53	98	19,19
RS54	48	1,24
RS55	24	1,70
RS56	6	0,37
RS57	91	0,95
RS58	94	5,95
RS59	6	0,86
RS60	85	0,68
RS61	89	10,52
RS62	56	6,00
RS63	70	7,78
RS64	32	1,90
SS1	40	3,46
SS2	69	8,40
SS3	79	6,67
SS4	96	18,99
SS5	96	7,26
SS6	7	0,81
SS7	69	10,29
SS8	31	5,88
SS9	73	8,03
SS10	99	10,19
SS11	7	0,15
SS12	71	6,34
SS13	12	1,04
SS14	42	7,58
SS15	59	1,50
SS16	10	0,17
SS17	79	9,80
SS18	36	5,13
SS19	46	4,71
SS20	25	2,25
SS21	73	5,63
SS22	94	16,88
SS23	92	7,90
SS24	35	0,58
SS25	80	13,50
SS26	41	5,55
SS27	16	0,15
SS28	78	4,74
SS29	43	9,01
SS30	36	4,49
SS31	26	0,84
SS32	84	12,62
SS33	7	0,33
SS34	57	7,30
SS35	68	10,88
SS36	4	0,07
SS37	93	19,53
SS38	57	11,34
SS39	92	3,60
SS40	81	19,22
SS41	87	14,00
SS42	42	6,30
SS43	30	0,01
SS44	47	4,58
SS45	26	5,78
SS46	67	1,75
SS47	70	12,40
SS48	94	7,79
SS49	44	9,37
SS50	46	3,53
SS51	11	2,31
SS52	51	2,23
SS53	93	2,30
SS54	21	0,98
SS55	53	13,19
SS56	2	0,25
SS57	53	8,79
SS58	44	8,39
SS59	22	4,58
SS60	80	18,33
SS61	11	0,15
SS62	7	1,33
SS63	88	17,91
SS64	86	17,23
TS1	80	9,40
TS2	82	12,63
TS3	41	6,62
TS4	28	3,06
TS5	72	11,87
TS6	31	2,97
TS7	15	1,64
TS8	66	1,60
TS9	91	9,59
TS10	84	15,32
TS11	39	9,54
TS12	30	0,49
TS13	9	0,05
TS14	2	0,40
TS15	54	12,21
TS16	20	3,36
TS17	40	5,50
TS18	28	0,44
TS19	40	9,52
TS20	46	1,39
TS21	58	9,99
TS22	4	0,30
TS23	97	3,51
TS24	54	12,21
TS25	51	3,85
TS26	3	0,28
TS27	83	7,64
TS28	57	13,31
TS29	16	3,61
TS30	88	15,17
TS31	20	2,82
TS32	76	3,82
TS33	44	2,14
TS34	78	11,96
TS35	97	15,23
TS36	8	1,65
TS37	14	2,33
TS38	42	1,85
TS39	18	0,24
TS40	33	5,84
TS41	92	13,57
TS42	65	3,58
TS43	34	3,09
TS44	91	17,12
TS45	35	6,68
TS46	25	0,83
TS47	6	0,86
TS48	3	0,48
TS49	3	0,61
TS50	66	9,35
TS51	2	0,04
TS52	35	5,12
TS53	31	0,76
TS54	44	4,82
TS55	83	14,86
TS56	34	2,36
TS57	56	0,81
TS58	3	0,25
TS59	77	5,41
TS60	64	2,97
TS61	68	15,46
TS62	36	0,68
TS63	7	1,64
TS64	85	0,35
US1	30	7,00
US2	3	0,47
US3	25	0,46
US4	34	6,46
US5	47	9,01
US6	84	0,89
US7	60	5,52
US8	19	4,49
US9	31	3,31
US10	72	17,66
US11	45	10,91
US12	52	2,31
US13	14	1,52
US14	58	11,58
US15	87	7,58
US16	38	8,29
US17	82	14,79
US18	77	11,80
US19	93	11,56
US20	55	2,76
US21	58	13,66
US22	86	16,96
US23	24	0,97
US24	68	14,07
US25	28	1,49
US26	37	6,15
US27	78	18,91
US28	81	16,78
US29	29	3,69
US30	78	15,44
US31	97	13,84
US32	25	2,25
US33	5	0,65
US34	72	3,19
US35	37	2,57
US36	81	4,25
US37	64	2,00
US38	62	1,63
US39	90	2,50
US40	41	2,30
US41	32	3,54
US42	65	0,59
US43	6	1,09
US44	40	8,08
US45	86	20,23
US46	9	1,89
US47	73	5,59
US48	6	0,42
US49	40	1,02
US50	57	3,40
US51	69	4,00
US52	9	1,77
US53	97	19,19
US54	56	11,32
US55	8	0,42
US56	68	11,17
US57	74	14,01
US58	49	1,45
US59	37	3,51
US60	70	13,99
US61	10	1,18
US62	44	9,04
US63	68	16,43
US64	100	13,27
VS1	97	0,26
VS2	99	10,56
VS3	4	0,19
VS4	74	11,99
VS5	80	12,58
VS6	44	3,67
VS7	66	4,33
VS8	12	0,24
VS9	81	7,94
VS10	38	3,73
VS11	69	10,42
VS12	49	5,98
VS13	12	1,02
VS14	33	6,24
VS15	49	11,08
VS16	91	10,13
VS17	1	0,14
VS18	36	1,42
VS19	14	3,33
VS20	45	6,20
VS21	83	16,40
VS22	36	8,43
VS23	30	6,57
VS24	62	11,68
VS25	36	4,79
VS26	1	0,06
VS27	7	0,06
VS28	58	8,32
VS29	87	12,81
VS30	55	7,43
VS31	35	5,08
VS32	38	5,34
VS33	33	7,31
VS34	78	15,62
VS35	38	4,98
VS36	80	7,62
VS37	99	15,85
VS38	43	4,06
VS39	8	0,35
VS40	91	5,98
VS41	27	3,73
VS42	96	3,81
VS43	20	3,77
VS44	41	3,35
VS45	17	2,69
VS46	10	2,32
VS47	7	0,30
VS48	34	2,49
VS49	0	0,00
VS50	71	7,91
VS51	17	0,97
VS52	51	6,90
VS53	16	2,06
VS54	45	6,32
VS55	55	9,61
VS56	50	2,71
VS57	5	0,78
VS58	70	9,15
VS59	79	6,50
VS60	46	2,04
VS61	44	6,37
VS62	5	0,29
VS63	54	1,74
VS64	61	0,09
WS1	24	3,08
WS2	82	15,64
WS3	86	1,65
WS4	18	0,53
WS5	20	4,89
WS6	16	2,66
WS7	79	19,05
WS8	36	0,82
WS9	16	0,94
WS10	65	14,95
WS11	46	10,77
WS12	64	13,34
WS13	39	7,86
WS14	59	3,67
WS15	85	3,29
WS16	3	0,01
WS17	67	4,37
WS18	56	6,56
WS19	88	21,93
WS20	87	7,33
WS21	76	1,65
WS22	60	3,45
WS23	12	0,79
WS24	81	15,00
WS25	65	0,32
WS26	64	0,71
WS27	50	0,58
WS28	42	4,69
WS29	43	3,01
WS30	97	21,43
WS31	80	3,08
WS32	60	14,70
WS33	52	10,97
WS34	87	19,11
WS35	52	4,56
WS36	2	0,40
WS37	58	2,26
WS38	95	17,36
WS39	77	2,26
WS40	14	0,23
WS41	36	4,99
WS42	24	2,11
WS43	4	0,17
WS44	100	7,52
WS45	11	0,41
WS46	73	0,68
WS47	16	2,39
WS48	98	5,55
WS49	40	9,21
WS50	62	1,06
WS51	90	6,42
WS52	37	0,02
WS53	50	6,67
WS54	55	1,58
WS55	4	0,94
WS56	61	5,19
WS57	52	6,09
WS58	68	1,30
WS59	16	0,64
WS60	16	2,17
WS61	16	0,25
WS62	78	3,59
WS63	26	5,46
WS64	16	1,83
XS1	93	8,83
XS2	23	0,72
XS3	50	4,88
XS4	6	0,99
XS5	94	20,46
XS6	38	7,72
XS7	67	6,48
XS8	4	0,71
XS9	96	10,87
XS10	58	1,39
XS11	35	5,49
XS12	30	3,32
XS13	68	13,35
XS14	75	3,49
XS15	22	4,88
XS16	62	6,13
XS17	96	8,55
XS18	98	24,40
XS19	0	0,00
XS20	84	5,92
XS21	5	0,50
XS22	70	12,73
XS23	49	10,95
XS24	83	6,92
XS25	52	8,57
XS26	15	0,54
XS27	92	19,72
XS28	91	16,00
XS29	84	10,79
XS30	19	3,93
XS31	68	1,39
XS32	32	6,51
XS33	64	5,93
XS34	49	5,45
XS35	69	15,16
XS36	47	6,64
XS37	48	8,84
XS38	13	2,24
XS39	33	7,54
XS40	50	8,67
XS41	32	7,68
XS42	42	9,19
XS43	83	17,32
XS44	38	2,67
XS45	77	9,45
XS46	8	1,13
XS47	11	0,69
XS48	44	5,48
XS49	8	0,20
XS50	99	14,62
XS51	100	1,13
XS52	12	0,15
XS53	69	10,83
XS54	98	21,63
XS55	37	3,10
XS56	79	11,24
XS57	10	1,50
XS58	76	5,02
XS59	43	8,91
XS60	38	2,52
XS61	98	8,62
XS62	12	0,06
XS63	57	11,29
XS64	94	14,26
YS1	94	6,46
YS2	56	7,82
YS3	79	9,60
YS4	7	1,01
YS5	85	5,91
YS6	95	18,09
YS7	51	7,69
YS8	20	0,83
YS9	35	6,28
YS10	48	10,42
YS11	56	0,51
YS12	27	1,88
YS13	92	16,76
YS14	40	6,70
YS15	13	0,61
YS16	67	15,78
YS17	37	1,95
YS18	38	6,80
YS19	76	0,11
YS20	34	0,08
YS21	43	6,77
YS22	2	0,46
YS23	29	0,16
YS24	3	0,68
YS25	71	4,58
YS26	80	8,62
YS27	63	12,58
YS28	25	5,73
YS29	10	1,53
YS30	87	5,96
YS31	67	7,97
YS32	57	9,03
YS33	20	2,32
YS34	87	0,39
YS35	49	5,69
YS36	69	13,31
YS37	29	1,17
YS38	95	9,63
YS39	90	17,01
YS40	3	0,28
YS41	99	18,49
YS42	76	6,23
YS43	3	0,66
YS44	62	11,24
YS45	36	8,60
YS46	2	0,26
YS47	39	1,54
YS48	23	4,21
YS49	31	0,87
YS50	69	16,21
YS51	66	10,82
YS52	43	6,86
YS53	42	7,25
YS54	61	1,89
YS55	61	0,25
YS56	36	8,51
YS57	48	5,54
YS58	60	5,56
YS59	58	4,52
YS60	63	3,29
YS61	68	0,98
YS62	62	6,45
YS63	66	0,68
YS64	59	3,13
ZS1	14	0,62
ZS2	92	11,87
ZS3	97	12,05
ZS4	79	6,51
ZS5	22	3,76
ZS6	19	2,60
ZS7	39	9,20
ZS8	28	3,66
ZS9	100	11,65
ZS10	8	0,90
ZS11	20	1,57
ZS12	46	4,33
ZS13	8	0,34
ZS14	46	9,60
ZS15	61	8,11
ZS16	1	0,22
ZS17	65	10,81
ZS18	83	20,13
ZS19	12	0,12
ZS20	90	8,75
ZS21	53	7,43
ZS22	25	3,29
ZS23	90	15,34
ZS24	13	0,02
ZS25	9	0,08
ZS26	21	2,79
ZS27	69	13,22
ZS28	92	7,41
ZS29	26	5,68
ZS30	18	3,94
ZS31	7	1,51
ZS32	53	9,65
ZS33	19	3,49
ZS34	100	11,12
ZS35	60	11,88
ZS36	40	8,41
ZS37	96	12,33
ZS38	43	5,51
ZS39	61	2,10
ZS40	2	0,43
ZS41	2	0,48
ZS42	95	11,74
ZS43	77	14,58
ZS44	11	0,93
ZS45	9	1,60
ZS46	27	2,59
ZS47	21	4,06
ZS48	37	0,97
ZS49	97	12,23
ZS50	98	8,16
ZS51	49	10,61
ZS52	81	2,78
ZS53	22	1,77
ZS54	18	3,51
ZS55	49	11,53
ZS56	82	7,28
ZS57	96	4,91
ZS58	33	2,69
ZS59	8	1,40
ZS60	92	1,62
ZS61	98	14,05
ZS62	93	4,84
ZS63	53	1,44
ZS64	73	7,75
AAS1	29	7,11
AAS2	22	3,86
AAS3	99	10,67
AAS4	25	5,55
AAS5	66	11,13
AAS6	13	0,34
AAS7	63	1,38
AAS8	82	0,56
AAS9	84	10,36
AAS10	56	2,18
AAS11	69	8,61
AAS12	44	2,19
AAS13	4	0,32
AAS14	20	3,45
AAS15	62	13,71
AAS16	83	14,23
AAS17	53	8,18
AAS18	73	5,68
AAS19	13	3,21
AAS20	12	2,64
AAS21	71	8,83
AAS22	45	4,76
AAS23	47	9,14
AAS24	78	13,51
AAS25	58	3,25
AAS26	52	8,28
AAS27	29	2,29
AAS28	15	0,62
AAS29	17	0,78
AAS30	1	0,22
AAS31	17	1,21
AAS32	15	1,67
AAS33	81	0,05
AAS34	77	14,34
AAS35	11	2,66
AAS36	13	2,82
AAS37	65	12,71
AAS38	80	19,16
AAS39	2	0,47
AAS40	61	10,87
AAS41	87	6,37
AAS42	19	0,87
AAS43	4	0,36
AAS44	24	2,52
AAS45	98	10,13
AAS46	46	10,43
AAS47	85	1,95
AAS48	7	1,21
AAS49	37	1,63
AAS50	45	1,36
AAS51	81	2,44
AAS52	16	2,72
AAS53	27	2,83
AAS54	37	3,01
AAS55	72	17,77
AAS56	35	7,65
AAS57	25	1,78
AAS58	62	8,51
AAS59	17	1,20
AAS60	43	7,80
AAS61	38	6,33
AAS62	90	5,50
AAS63	34	0,60
AAS64	54	1,68
ABS1	77	1,50
ABS2	36	8,18
ABS3	90	5,95
ABS4	59	0,97
ABS5	85	11,35
ABS6	48	1,31
ABS7	11	0,43
ABS8	94	10,52
ABS9	98	13,49
ABS10	69	4,35
ABS11	2	0,30
ABS12	4	0,97
ABS13	40	6,62
ABS14	39	9,47
ABS15	32	6,31
ABS16	23	2,09
ABS17	63	9,75
ABS18	95	8,26
ABS19	25	5,04
ABS20	40	8,71
ABS21	94	19,60
ABS22	18	1,83
ABS23	34	1,55
ABS24	13	2,91
ABS25	94	15,34
ABS26	46	4,07
ABS27	6	1,13
ABS28	67	0,65
ABS29	44	6,51
ABS30	100	23,09
ABS31	57	5,36
ABS32	75	10,01
ABS33	33	7,32
ABS34	6	1,43
ABS35	87	13,21
ABS36	77	18,71
ABS37	57	6,36
ABS38	54	11,50
ABS39	45	6,33
ABS40	34	6,29
ABS41	49	8,58
ABS42	33	0,65
ABS43	23	0,61
ABS44	97	5,03
ABS45	65	12,58
ABS46	27	0,03
ABS47	97	17,68
ABS48	30	5,98
ABS49	16	3,92
ABS50	27	4,25
ABS51	4	0,65
ABS52	45	5,64
ABS53	28	5,41
ABS54	91	13,72
ABS55	32	0,36
ABS56	53	1,48
ABS57	39	0,57
ABS58	78	15,39
ABS59	22	3,64
ABS60	2	0,29
ABS61	100	1,73
ABS62	70	3,97
ABS63	74	12,13
ABS64	38	2,55
ACS1	48	11,57
ACS2	24	5,24
ACS3	17	0,15
ACS4	59	12,75
ACS5	47	9,87
ACS6	75	15,30
ACS7	63	12,72
ACS8	3	0,32
ACS9	49	11,46
ACS10	89	17,76
ACS11	21	3,85
ACS12	99	0,53
ACS13	34	4,66
ACS14	40	9,72
ACS15	50	5,77
ACS16	94	20,05
ACS17	32	3,75
ACS18	92	13,47
ACS19	70	13,66
ACS20	37	0,30
ACS21	62	10,18
ACS22	59	1,11
ACS23	35	7,25
ACS24	54	9,93
ACS25	63	5,49
ACS26	45	6,06
ACS27	46	2,76
ACS28	16	0,93
ACS29	15	3,43
ACS30	59	14,50
ACS31	55	6,56
ACS32	61	7,52
ACS33	100	10,11
ACS34	84	20,22
ACS35	79	18,68
ACS36	12	1,88
ACS37	84	1,61
ACS38	50	3,88
ACS39	26	6,15
ACS40	83	5,44
ACS41	31	7,56
ACS42	92	13,27
ACS43	29	0,25
ACS44	38	2,04
ACS45	28	1,22
ACS46	49	7,01
ACS47	1	0,01
ACS48	39	3,14
ACS49	12	0,92
ACS50	15	0,02
ACS51	4	0,57
ACS52	19	1,36
ACS53	30	4,97
ACS54	65	11,00
ACS55	2	0,06
ACS56	83	11,40
ACS57	51	4,75
ACS58	87	21,16
ACS59	7	1,44
ACS60	89	19,50
ACS61	40	0,77
ACS62	90	12,46
ACS63	21	1,75
ACS64	34	1,97
ADS1	69	14,20
ADS2	87	2,42
ADS3	2	0,47
ADS4	28	5,75
ADS5	2	0,03
ADS6	39	8,89
ADS7	24	1,99
ADS8	31	6,24
ADS9	32	0,69
ADS10	34	4,16
ADS11	55	1,85
ADS12	43	1,49
ADS13	46	9,03
ADS14	22	2,19
ADS15	83	18,38
ADS16	79	6,85
ADS17	52	10,48
ADS18	70	4,79
ADS19	81	12,67
ADS20	64	10,39
ADS21	42	3,51
ADS22	53	8,82
ADS23	16	3,21
ADS24	1	0,22
ADS25	69	2,24
ADS26	69	2,54
ADS27	4	0,87
ADS28	95	1,73
ADS29	82	6,58
ADS30	23	0,64
ADS31	39	6,96
ADS32	54	12,30
ADS33	82	11,45
ADS34	20	1,86
ADS35	24	5,48
ADS36	62	0,26
ADS37	28	6,47
ADS38	99	7,45
ADS39	27	4,98
ADS40	29	3,55
ADS41	99	8,64
ADS42	29	4,59
ADS43	17	3,81
ADS44	36	5,23
ADS45	38	2,40
ADS46	13	1,08
ADS47	52	1,71
ADS48	60	1,28
ADS49	3	0,52
ADS50	54	0,81
ADS51	45	11,00
ADS52	16	2,05
ADS53	60	6,69
ADS54	67	11,20
ADS55	53	5,12
ADS56	23	5,13
ADS57	73	2,95
ADS58	76	0,87
ADS59	39	2,40
ADS60	10	0,28
ADS61	47	1,65
ADS62	55	2,26
ADS63	43	4,43
ADS64	87	3,31
AES1	86	2,76
AES2	50	9,52
AES3	82	8,53
AES4	57	5,06
AES5	67	1,87
AES6	85	7,53
AES7	61	11,29
AES8	42	10,47
AES9	8	0,35
AES10	10	1,25
AES11	98	8,13
AES12	59	13,31
AES13	63	3,74
AES14	67	3,46
AES15	27	6,12
AES16	37	5,85
AES17	57	10,02
AES18	11	0,68
AES19	32	4,66
AES20	25	6,09
AES21	14	0,40
AES22	61	13,68
AES23	64	6,98
AES24	93	21,74
AES25	53	2,60
AES26	27	0,52
AES27	91	17,55
AES28	51	3,42
AES29	15	3,52
AES30	37	3,10
AES31	75	1,85
AES32	51	10,35
AES33	42	9,83
AES34	54	4,37
AES35	39	2,32
AES36	79	7,45
AES37	35	4,54
AES38	85	10,24
AES39	6	0,52
AES40	16	3,44
AES41	29	0,62
AES42	71	10,73
AES43	17	1,09
AES44	12	1,25
AES45	65	8,01
AES46	55	9,48
AES47	45	1,22
AES48	74	3,32
AES49	50	4,99
AES50	64	1,81
AES51	100	0,66
AES52	91	17,99
AES53	45	1,77
AES54	40	6,06
AES55	94	8,48
AES56	89	9,03
AES57	97	0,97
AES58	26	5,31
AES59	0	0,00
AES60	25	1,92
AES61	24	2,74
AES62	28	2,69
AES63	58	1,90
AES64	33	2,26
AFS1	50	2,86
AFS2	68	7,36
AFS3	34	2,18
AFS4	80	2,01
AFS5	5	0,04
AFS6	66	3,56
AFS7	31	6,71
AFS8	98	7,52
AFS9	92	16,34
AFS10	14	1,17
AFS11	45	2,26
AFS12	33	0,28
AFS13	83	8,56
AFS14	37	4,17
AFS15	39	3,15
AFS16	63	6,93
AFS17	3	0,20
AFS18	80	15,38
AFS19	83	10,49
AFS20	40	5,68
AFS21	56	9,99
AFS22	31	6,32
AFS23	16	1,63
AFS24	55	9,11
AFS25	80	14,49
AFS26	24	0,05
AFS27	95	4,98
AFS28	17	1,08
AFS29	95	10,42
AFS30	61	7,46
AFS31	94	14,63
AFS32	22	5,48
AFS33	91	6,84
AFS34	61	5,39
AFS35	51	6,87
AFS36	92	7,70
AFS37	88	5,60
AFS38	59	0,74
AFS39	34	0,41
AFS40	71	6,75
AFS41	94	1,77
AFS42	41	0,98
AFS43	23	3,30
AFS44	83	2,92
AFS45	79	16,36
AFS46	45	6,26
AFS47	55	0,25
AFS48	76	5,89
AFS49	80	0,25
AFS50	55	11,48
AFS51	88	0,95
AFS52	35	1,87
AFS53	6	0,15
AFS54	67	4,44
AFS55	1	0,23
AFS56	59	3,93
AFS57	81	18,15
AFS58	19	3,81
AFS59	23	4,53
AFS60	0	0,00
AFS61	72	10,20
AFS62	42	8,05
AFS63	74	13,96
AFS64	68	4,98
AGS1	1	0,24
AGS2	36	0,43
AGS3	18	3,07
AGS4	35	2,29
AGS5	20	2,46
AGS6	56	7,40
AGS7	25	2,82
AGS8	25	1,76
AGS9	31	0,86
AGS10	51	8,41
AGS11	25	0,41
AGS12	75	13,83
AGS13	98	1,52
AGS14	93	2,82
AGS15	73	17,93
AGS16	41	8,08
AGS17	63	3,19
AGS18	31	2,93
AGS19	100	24,08
AGS20	94	15,01
AGS21	22	5,04
AGS22	8	1,27
AGS23	0	0,00
AGS24	67	7,69
AGS25	22	2,55
AGS26	72	4,57
AGS27	25	4,16
AGS28	63	8,37
AGS29	93	14,62
AGS30	76	1,05
AGS31	34	2,94
AGS32	71	6,87
AGS33	69	3,18
AGS34	58	3,36
AGS35	34	3,56
AGS36	63	4,00
AGS37	100	24,85
AGS38	44	6,42
AGS39	25	0,48
AGS40	56	13,69
AGS41	44	4,68
AGS42	75	15,00
AGS43	32	2,47
AGS44	15	3,10
AGS45	42	2,37
AGS46	8	0,42
AGS47	71	0,31
AGS48	34	1,21
AGS49	74	0,72
AGS50	33	0,76
AGS51	13	1,99
AGS52	43	7,50
AGS53	34	3,65
AGS54	82	0,24
AGS55	60	6,26
AGS56	50	11,22
AGS57	35	4,26
AGS58	49	0,84
AGS59	24	0,87
AGS60	72	9,46
AGS61	77	18,23
AGS62	7	1,64
AGS63	18	3,00
AGS64	93	16,19
