AFN1	0.75	18,00	1
AFN2	4.0	50,00	6
AFN3	19.75	50,00	5
AFN4	11.5	50,00	8
AFN5	24.75	50,00	3
AFN6	5.0	2,00	3
AFN7	12.25	50,00	9
AFN8	8.25	50,00	7
AFN9	23.75	13,00	9
AFN10	0.5	50,00	8
AFN11	24.0	36,00	5
AFN12	3.75	0,00	7
AFN13	7.0	50,00	9
AFN14	18.0	24,00	5
AFN15	21.75	50,00	3
AFN16	17.5	11,00	6
AFN17	3.75	50,00	2
AFN18	15.25	50,00	7
AFN19	17.75	13,00	2
AFN20	23.75	50,00	8
AFN21	20.25	44,00	3
AFN22	24.25	50,00	3
AFN23	21.0	28,00	6
AFN24	23.5	50,00	7
AFN25	2.75	50,00	8
AFN26	25.0	41,00	2
AFN27	24.25	40,00	9
AFN28	15.25	21,00	8
AFN29	2.5	15,00	5
AFN30	24.75	15,00	9
AFN31	16.25	37,00	8
AFN32	14.75	40,00	10
AFN33	4.25	50,00	5
AFN34	19.0	12,00	9
AFN35	21.75	1,00	5
AFN36	4.75	50,00	9
AFN37	3.0	23,00	7
AFN38	2.5	50,00	10
AFN39	5.0	50,00	5
AFN40	14.75	21,00	3
AFN41	11.25	17,00	1
AFN42	5.25	39,00	4
AFN43	1.5	25,00	4
AFN44	13.75	47,00	4
AFN45	0.25	50,00	2
AFN46	20.75	50,00	3
AFN47	21.5	28,00	5
AFN48	9.25	50,00	6
AFN49	7.75	50,00	9
AFN50	11.5	1,00	3
AFN51	9.5	50,00	7
AFN52	23.25	50,00	3
AFN53	1.75	16,00	4
AFN54	2.5	50,00	2
AFN55	23.5	50,00	8
AFN56	6.75	39,00	6
AFN57	15.0	50,00	7
AFN58	1.0	50,00	5
AFN59	17.5	50,00	3
AFN60	21.25	50,00	5
AFN61	6.5	41,00	9
AFN62	9.25	0,00	3
AFN63	23.0	50,00	3
AFN64	19.5	14,00	10
AEN1	8.75	50,00	2
AEN2	21.25	22,00	2
AEN3	0.75	40,00	7
AEN4	20.75	16,00	6
AEN5	22.25	3,00	9
AEN6	18.5	11,00	6
AEN7	14.75	50,00	5
AEN8	1.5	50,00	8
AEN9	11.25	50,00	9
AEN10	23.0	50,00	4
AEN11	6.75	29,00	6
AEN12	13.0	50,00	4
AEN13	9.5	50,00	9
AEN14	8.25	50,00	5
AEN15	11.0	50,00	9
AEN16	20.5	19,00	10
AEN17	14.25	50,00	9
AEN18	25.0	20,00	10
AEN19	0.75	50,00	2
AEN20	9.25	50,00	5
AEN21	9.0	50,00	7
AEN22	15.0	0,00	9
AEN23	5.5	23,00	4
AEN24	6.75	50,00	4
AEN25	9.5	50,00	5
AEN26	0.0	0,00	2
AEN27	14.0	50,00	8
AEN28	0.75	50,00	7
AEN29	4.75	50,00	7
AEN30	2.75	50,00	9
AEN31	10.0	50,00	7
AEN32	1.75	50,00	10
AEN33	17.25	50,00	7
AEN34	23.75	50,00	6
AEN35	14.0	22,00	2
AEN36	23.25	50,00	9
AEN37	21.5	50,00	8
AEN38	4.0	50,00	3
AEN39	20.25	50,00	9
AEN40	6.25	50,00	10
AEN41	6.5	8,00	5
AEN42	19.25	25,00	9
AEN43	15.25	50,00	9
AEN44	18.25	50,00	5
AEN45	24.5	13,00	6
AEN46	5.25	50,00	3
AEN47	1.25	27,00	9
AEN48	12.25	13,00	5
AEN49	6.25	26,00	10
AEN50	6.0	50,00	9
AEN51	8.25	50,00	7
AEN52	20.5	50,00	6
AEN53	0.25	27,00	8
AEN54	23.75	50,00	3
AEN55	2.25	49,00	8
AEN56	13.0	17,00	5
AEN57	16.0	50,00	8
AEN58	24.25	41,00	7
AEN59	12.25	26,00	10
AEN60	20.25	24,00	9
AEN61	5.5	50,00	3
AEN62	12.25	50,00	7
AEN63	5.75	44,00	7
AEN64	4.5	46,00	4
ADN1	0.5	50,00	6
ADN2	20.0	45,00	4
ADN3	23.0	11,00	9
ADN4	17.75	11,00	4
ADN5	20.75	50,00	1
ADN6	4.75	19,00	7
ADN7	14.0	50,00	7
ADN8	16.0	44,00	10
ADN9	17.25	45,00	8
ADN10	16.5	21,00	3
ADN11	13.0	50,00	2
ADN12	12.25	47,00	7
ADN13	10.75	50,00	6
ADN14	18.0	30,00	2
ADN15	8.0	50,00	6
ADN16	17.5	50,00	8
ADN17	21.0	29,00	7
ADN18	8.5	50,00	10
ADN19	5.0	13,00	5
ADN20	22.25	37,00	5
ADN21	16.5	49,00	9
ADN22	17.25	50,00	3
ADN23	23.25	25,00	4
ADN24	6.75	50,00	9
ADN25	7.75	48,00	4
ADN26	15.5	21,00	5
ADN27	6.75	43,00	7
ADN28	21.0	50,00	2
ADN29	14.75	50,00	8
ADN30	23.75	31,00	6
ADN31	14.0	50,00	5
ADN32	9.0	35,00	4
ADN33	9.25	50,00	6
ADN34	3.25	50,00	7
ADN35	12.25	6,00	3
ADN36	23.25	16,00	9
ADN37	12.0	50,00	5
ADN38	2.5	9,00	9
ADN39	14.75	50,00	2
ADN40	3.0	18,00	4
ADN41	1.5	0,00	6
ADN42	15.5	25,00	3
ADN43	4.25	4,00	8
ADN44	15.75	50,00	8
ADN45	17.5	48,00	8
ADN46	5.0	15,00	10
ADN47	4.0	46,00	4
ADN48	1.0	50,00	4
ADN49	13.0	50,00	3
ADN50	9.25	43,00	2
ADN51	19.0	5,00	9
ADN52	6.5	50,00	7
ADN53	1.25	50,00	9
ADN54	9.75	7,00	3
ADN55	19.0	35,00	5
ADN56	0.25	29,00	4
ADN57	4.5	33,00	7
ADN58	7.0	42,00	10
ADN59	21.25	40,00	8
ADN60	23.75	50,00	3
ADN61	21.75	39,00	6
ADN62	0.5	50,00	9
ADN63	16.5	50,00	7
ADN64	0.25	50,00	7
ACN1	14.75	45,00	5
ACN2	17.25	50,00	2
ACN3	15.0	18,00	8
ACN4	1.0	3,00	3
ACN5	10.25	50,00	6
ACN6	19.0	33,00	8
ACN7	11.5	2,00	8
ACN8	18.75	50,00	10
ACN9	11.75	20,00	1
ACN10	19.75	4,00	9
ACN11	24.5	49,00	3
ACN12	19.5	14,00	1
ACN13	15.25	50,00	7
ACN14	6.25	29,00	3
ACN15	2.25	50,00	8
ACN16	5.0	12,00	9
ACN17	2.25	50,00	7
ACN18	12.5	32,00	9
ACN19	7.75	50,00	4
ACN20	25.0	48,00	10
ACN21	4.75	50,00	6
ACN22	18.75	7,00	4
ACN23	4.5	40,00	6
ACN24	6.5	33,00	3
ACN25	7.25	50,00	3
ACN26	0.75	41,00	4
ACN27	0.75	5,00	5
ACN28	9.75	50,00	3
ACN29	15.25	8,00	3
ACN30	16.75	50,00	4
ACN31	10.75	50,00	7
ACN32	14.25	11,00	5
ACN33	10.5	29,00	2
ACN34	10.5	40,00	7
ACN35	16.5	2,00	5
ACN36	14.5	50,00	4
ACN37	9.25	22,00	5
ACN38	20.5	14,00	5
ACN39	13.5	49,00	7
ACN40	12.75	50,00	1
ACN41	8.25	5,00	9
ACN42	20.0	50,00	3
ACN43	9.75	12,00	6
ACN44	18.75	18,00	10
ACN45	17.5	34,00	2
ACN46	25.0	50,00	3
ACN47	20.5	47,00	4
ACN48	22.5	50,00	6
ACN49	1.0	12,00	8
ACN50	9.75	4,00	8
ACN51	19.75	13,00	5
ACN52	0.25	50,00	7
ACN53	18.0	27,00	2
ACN54	0.75	4,00	9
ACN55	11.0	3,00	1
ACN56	15.25	50,00	1
ACN57	15.5	50,00	7
ACN58	5.25	30,00	4
ACN59	11.0	1,00	7
ACN60	12.75	50,00	2
ACN61	8.5	35,00	4
ACN62	15.5	50,00	10
ACN63	2.0	50,00	6
ACN64	15.0	50,00	3
ABN1	16.5	50,00	4
ABN2	1.0	50,00	2
ABN3	18.75	50,00	3
ABN4	19.75	50,00	5
ABN5	19.25	30,00	4
ABN6	7.75	44,00	3
ABN7	7.5	50,00	5
ABN8	17.0	50,00	2
ABN9	4.0	10,00	7
ABN10	8.0	50,00	10
ABN11	24.5	18,00	5
ABN12	7.25	6,00	3
ABN13	6.5	50,00	5
ABN14	18.0	35,00	6
ABN15	0.75	49,00	1
ABN16	2.5	38,00	4
ABN17	20.75	24,00	9
ABN18	19.0	15,00	6
ABN19	7.5	50,00	8
ABN20	22.0	50,00	8
ABN21	12.0	31,00	2
ABN22	18.25	50,00	2
ABN23	21.25	50,00	9
ABN24	0.75	50,00	3
ABN25	24.0	21,00	3
ABN26	0.25	50,00	5
ABN27	16.0	50,00	5
ABN28	11.5	11,00	6
ABN29	17.0	50,00	2
ABN30	4.25	39,00	2
ABN31	1.5	44,00	8
ABN32	3.5	16,00	5
ABN33	14.75	26,00	9
ABN34	20.0	50,00	2
ABN35	6.25	14,00	1
ABN36	13.5	50,00	1
ABN37	9.75	50,00	4
ABN38	10.25	1,00	4
ABN39	20.75	49,00	4
ABN40	2.0	50,00	8
ABN41	14.5	15,00	1
ABN42	22.25	46,00	1
ABN43	16.25	50,00	5
ABN44	1.5	50,00	5
ABN45	15.5	6,00	4
ABN46	18.5	48,00	9
ABN47	12.75	36,00	6
ABN48	15.25	50,00	2
ABN49	13.25	50,00	3
ABN50	7.5	40,00	4
ABN51	0.75	35,00	6
ABN52	20.25	5,00	5
ABN53	12.0	50,00	5
ABN54	11.5	38,00	3
ABN55	10.0	22,00	6
ABN56	11.25	39,00	2
ABN57	1.75	50,00	9
ABN58	13.75	50,00	6
ABN59	13.5	50,00	10
ABN60	10.0	15,00	1
ABN61	20.75	50,00	3
ABN62	3.75	32,00	8
ABN63	7.5	50,00	8
ABN64	9.25	50,00	5
AAN1	19.75	10,00	2
AAN2	9.5	50,00	9
AAN3	22.75	3,00	8
AAN4	12.0	19,00	3
AAN5	11.25	50,00	7
AAN6	12.0	38,00	3
AAN7	12.75	36,00	6
AAN8	22.5	50,00	5
AAN9	14.75	50,00	3
AAN10	23.0	50,00	3
AAN11	6.25	50,00	4
AAN12	19.0	50,00	4
AAN13	18.75	50,00	9
AAN14	11.25	27,00	4
AAN15	10.75	50,00	2
AAN16	16.75	50,00	4
AAN17	16.25	33,00	8
AAN18	21.25	50,00	7
AAN19	8.25	50,00	6
AAN20	23.75	1,00	2
AAN21	23.0	13,00	6
AAN22	3.25	50,00	2
AAN23	17.5	50,00	8
AAN24	12.25	23,00	6
AAN25	2.75	8,00	5
AAN26	23.25	32,00	9
AAN27	3.25	50,00	5
AAN28	18.5	50,00	2
AAN29	5.0	50,00	9
AAN30	3.0	47,00	8
AAN31	15.5	33,00	8
AAN32	10.25	45,00	8
AAN33	24.75	44,00	3
AAN34	7.0	43,00	5
AAN35	25.0	50,00	4
AAN36	10.0	11,00	7
AAN37	19.25	50,00	6
AAN38	7.75	50,00	9
AAN39	3.5	50,00	9
AAN40	12.25	27,00	8
AAN41	3.0	44,00	10
AAN42	2.5	42,00	10
AAN43	9.25	50,00	2
AAN44	16.75	50,00	7
AAN45	0.5	37,00	5
AAN46	17.0	50,00	4
AAN47	23.0	50,00	5
AAN48	1.25	3,00	9
AAN49	6.0	50,00	4
AAN50	16.5	25,00	8
AAN51	0.5	7,00	6
AAN52	22.5	14,00	3
AAN53	15.0	50,00	9
AAN54	8.5	34,00	9
AAN55	0.75	50,00	5
AAN56	14.0	50,00	5
AAN57	6.25	11,00	6
AAN58	19.0	16,00	3
AAN59	8.0	18,00	6
AAN60	19.0	37,00	6
AAN61	10.25	50,00	9
AAN62	21.75	50,00	3
AAN63	10.75	18,00	6
AAN64	11.5	50,00	8
ZN1	9.0	50,00	4
ZN2	5.75	50,00	9
ZN3	20.5	4,00	9
ZN4	22.0	21,00	9
ZN5	7.25	37,00	9
ZN6	18.25	17,00	7
ZN7	3.5	17,00	4
ZN8	15.75	13,00	8
ZN9	20.5	50,00	10
ZN10	23.0	40,00	6
ZN11	7.5	33,00	5
ZN12	7.0	20,00	5
ZN13	7.5	5,00	10
ZN14	8.5	50,00	5
ZN15	23.25	26,00	4
ZN16	6.0	50,00	6
ZN17	5.0	20,00	2
ZN18	3.0	50,00	8
ZN19	1.75	50,00	7
ZN20	11.75	10,00	1
ZN21	14.5	36,00	2
ZN22	1.0	50,00	10
ZN23	20.5	16,00	3
ZN24	3.5	40,00	5
ZN25	14.0	43,00	3
ZN26	21.25	38,00	4
ZN27	4.0	36,00	2
ZN28	11.25	50,00	6
ZN29	10.0	50,00	3
ZN30	2.25	50,00	9
ZN31	17.75	2,00	8
ZN32	4.0	39,00	8
ZN33	23.75	50,00	7
ZN34	25.0	50,00	7
ZN35	11.75	23,00	8
ZN36	5.25	50,00	6
ZN37	21.75	50,00	4
ZN38	7.75	14,00	6
ZN39	1.5	50,00	6
ZN40	23.25	16,00	5
ZN41	0.5	50,00	7
ZN42	11.0	35,00	3
ZN43	10.5	50,00	5
ZN44	8.5	50,00	5
ZN45	6.0	50,00	4
ZN46	5.0	45,00	5
ZN47	6.25	50,00	7
ZN48	24.25	36,00	7
ZN49	22.5	42,00	8
ZN50	15.25	23,00	5
ZN51	11.0	50,00	5
ZN52	17.75	47,00	5
ZN53	24.75	50,00	7
ZN54	12.0	50,00	3
ZN55	4.25	45,00	7
ZN56	9.5	50,00	1
ZN57	5.75	11,00	3
ZN58	2.0	1,00	9
ZN59	5.25	50,00	8
ZN60	14.25	13,00	4
ZN61	23.0	2,00	10
ZN62	10.25	50,00	7
ZN63	4.0	50,00	4
ZN64	6.0	2,00	9
YN1	9.25	46,00	1
YN2	8.25	50,00	2
YN3	19.0	50,00	5
YN4	13.25	8,00	4
YN5	4.75	50,00	3
YN6	11.75	10,00	5
YN7	8.75	50,00	2
YN8	11.5	50,00	2
YN9	1.75	50,00	2
YN10	11.0	50,00	4
YN11	17.0	50,00	9
YN12	24.25	50,00	8
YN13	21.25	50,00	3
YN14	0.5	50,00	7
YN15	22.5	6,00	4
YN16	21.75	50,00	3
YN17	24.25	50,00	10
YN18	14.75	50,00	8
YN19	3.0	40,00	5
YN20	3.75	5,00	5
YN21	3.75	48,00	4
YN22	7.25	39,00	4
YN23	22.0	50,00	6
YN24	20.25	50,00	1
YN25	22.75	8,00	7
YN26	17.25	50,00	4
YN27	6.75	50,00	3
YN28	24.75	11,00	2
YN29	4.25	18,00	5
YN30	14.75	50,00	2
YN31	18.25	9,00	3
YN32	7.75	50,00	1
YN33	21.25	50,00	2
YN34	7.0	36,00	6
YN35	12.25	18,00	1
YN36	3.75	50,00	7
YN37	2.25	50,00	5
YN38	17.5	28,00	8
YN39	9.0	50,00	8
YN40	18.75	23,00	9
YN41	21.5	50,00	3
YN42	17.25	23,00	3
YN43	10.75	20,00	8
YN44	4.0	50,00	5
YN45	6.5	21,00	9
YN46	23.25	16,00	8
YN47	15.0	43,00	3
YN48	14.25	50,00	1
YN49	11.5	20,00	2
YN50	1.0	6,00	7
YN51	14.25	50,00	9
YN52	9.25	50,00	10
YN53	0.0	0,00	8
YN54	24.25	50,00	6
YN55	11.0	23,00	5
YN56	11.25	50,00	2
YN57	9.5	16,00	4
YN58	15.25	50,00	1
YN59	5.75	50,00	6
YN60	6.25	40,00	4
YN61	19.5	50,00	7
YN62	24.25	42,00	5
YN63	4.5	47,00	4
YN64	0.5	41,00	7
XN1	7.75	43,00	7
XN2	16.0	40,00	3
XN3	23.0	50,00	7
XN4	8.25	23,00	4
XN5	0.25	50,00	6
XN6	3.5	50,00	1
XN7	15.75	50,00	10
XN8	22.75	50,00	4
XN9	13.25	50,00	3
XN10	12.5	50,00	10
XN11	10.25	29,00	7
XN12	12.25	11,00	9
XN13	21.5	49,00	9
XN14	23.25	17,00	6
XN15	18.25	50,00	7
XN16	21.5	50,00	9
XN17	3.0	19,00	4
XN18	1.0	45,00	2
XN19	6.5	11,00	2
XN20	18.0	2,00	2
XN21	17.25	50,00	1
XN22	12.25	12,00	8
XN23	13.5	50,00	4
XN24	2.75	22,00	8
XN25	11.25	50,00	5
XN26	6.5	50,00	10
XN27	7.25	11,00	6
XN28	11.25	50,00	9
XN29	23.0	50,00	4
XN30	5.5	50,00	1
XN31	5.25	22,00	8
XN32	10.5	18,00	7
XN33	24.75	44,00	6
XN34	18.5	50,00	7
XN35	11.25	7,00	4
XN36	1.0	19,00	3
XN37	18.0	50,00	1
XN38	9.0	35,00	5
XN39	8.75	49,00	2
XN40	1.5	41,00	6
XN41	14.75	50,00	4
XN42	14.75	33,00	4
XN43	2.75	44,00	5
XN44	1.5	2,00	1
XN45	12.75	50,00	7
XN46	20.75	50,00	5
XN47	7.0	50,00	8
XN48	4.0	6,00	1
XN49	0.5	43,00	7
XN50	17.0	50,00	4
XN51	14.25	50,00	4
XN52	9.0	21,00	8
XN53	9.5	50,00	2
XN54	6.0	50,00	8
XN55	15.5	50,00	2
XN56	23.5	23,00	2
XN57	3.0	50,00	4
XN58	10.0	50,00	4
XN59	8.5	50,00	1
XN60	6.5	50,00	8
XN61	20.5	40,00	9
XN62	8.0	3,00	3
XN63	12.0	17,00	4
XN64	13.5	48,00	6
WN1	25.0	48,00	3
WN2	11.0	50,00	7
WN3	17.5	50,00	3
WN4	5.0	9,00	8
WN5	9.25	50,00	5
WN6	8.5	50,00	6
WN7	5.0	50,00	6
WN8	1.25	50,00	4
WN9	3.5	50,00	6
WN10	2.5	50,00	8
WN11	7.0	40,00	2
WN12	18.0	50,00	7
WN13	4.75	20,00	4
WN14	8.25	50,00	9
WN15	6.0	37,00	9
WN16	9.25	50,00	10
WN17	9.5	24,00	1
WN18	3.25	50,00	10
WN19	21.5	50,00	4
WN20	13.5	7,00	8
WN21	12.5	50,00	6
WN22	4.5	50,00	3
WN23	19.5	50,00	2
WN24	4.0	50,00	7
WN25	24.75	50,00	9
WN26	9.5	22,00	5
WN27	16.75	50,00	4
WN28	7.0	50,00	9
WN29	9.5	50,00	9
WN30	19.0	12,00	5
WN31	4.25	7,00	7
WN32	7.75	11,00	9
WN33	10.25	50,00	10
WN34	9.75	6,00	8
WN35	15.75	28,00	7
WN36	0.0	0,00	3
WN37	17.75	36,00	7
WN38	21.0	50,00	6
WN39	7.0	15,00	3
WN40	8.25	29,00	8
WN41	10.25	50,00	3
WN42	23.25	40,00	7
WN43	17.0	50,00	6
WN44	11.75	50,00	7
WN45	18.75	29,00	8
WN46	8.25	31,00	5
WN47	4.0	50,00	3
WN48	18.0	14,00	7
WN49	16.0	50,00	3
WN50	3.0	23,00	3
WN51	21.25	50,00	4
WN52	2.0	16,00	2
WN53	24.5	11,00	9
WN54	5.0	4,00	2
WN55	23.75	50,00	8
WN56	6.0	50,00	4
WN57	21.75	50,00	3
WN58	13.75	15,00	4
WN59	20.25	30,00	3
WN60	16.25	32,00	5
WN61	4.0	32,00	7
WN62	25.0	50,00	5
WN63	16.75	50,00	5
WN64	15.5	50,00	2
VN1	10.25	50,00	5
VN2	12.25	15,00	4
VN3	2.25	23,00	8
VN4	15.25	50,00	6
VN5	13.75	23,00	7
VN6	21.25	40,00	6
VN7	9.75	50,00	9
VN8	3.25	50,00	6
VN9	13.75	50,00	4
VN10	7.25	22,00	2
VN11	4.75	46,00	1
VN12	6.75	50,00	4
VN13	24.25	50,00	5
VN14	14.0	47,00	4
VN15	24.25	3,00	5
VN16	1.75	50,00	5
VN17	21.0	50,00	7
VN18	12.0	50,00	9
VN19	5.0	50,00	1
VN20	4.75	50,00	3
VN21	24.5	34,00	5
VN22	22.0	33,00	10
VN23	5.25	50,00	4
VN24	1.75	28,00	1
VN25	17.75	8,00	7
VN26	24.0	4,00	8
VN27	20.0	20,00	4
VN28	20.75	50,00	1
VN29	13.0	45,00	1
VN30	5.5	6,00	5
VN31	11.75	19,00	3
VN32	17.25	19,00	9
VN33	19.0	50,00	2
VN34	18.0	50,00	5
VN35	13.75	15,00	6
VN36	0.0	0,00	10
VN37	14.5	32,00	7
VN38	11.0	50,00	9
VN39	14.75	17,00	5
VN40	23.25	50,00	6
VN41	15.25	21,00	9
VN42	14.25	50,00	3
VN43	2.0	50,00	9
VN44	22.0	42,00	5
VN45	22.0	23,00	6
VN46	9.5	50,00	6
VN47	0.5	50,00	8
VN48	11.25	21,00	2
VN49	4.0	50,00	2
VN50	0.25	50,00	1
VN51	10.25	22,00	7
VN52	11.0	50,00	9
VN53	17.0	18,00	3
VN54	6.75	50,00	7
VN55	12.75	50,00	7
VN56	15.25	22,00	1
VN57	19.0	50,00	8
VN58	7.5	46,00	4
VN59	12.75	17,00	6
VN60	17.75	50,00	5
VN61	1.25	48,00	6
VN62	7.25	38,00	6
VN63	10.0	50,00	6
VN64	18.0	0,00	9
UN1	13.5	50,00	4
UN2	1.25	50,00	4
UN3	0.5	7,00	7
UN4	4.25	50,00	6
UN5	7.0	49,00	8
UN6	19.5	19,00	6
UN7	22.75	50,00	3
UN8	1.75	50,00	5
UN9	21.75	50,00	4
UN10	7.75	22,00	8
UN11	13.25	16,00	1
UN12	3.5	50,00	8
UN13	8.5	10,00	9
UN14	24.25	46,00	7
UN15	13.0	21,00	2
UN16	16.75	50,00	3
UN17	20.25	5,00	5
UN18	18.25	42,00	6
UN19	21.25	22,00	2
UN20	1.5	13,00	5
UN21	11.5	50,00	5
UN22	4.75	50,00	4
UN23	11.5	5,00	1
UN24	15.25	39,00	9
UN25	24.25	23,00	8
UN26	2.0	50,00	3
UN27	9.5	50,00	7
UN28	23.75	50,00	4
UN29	7.5	50,00	7
UN30	24.5	13,00	4
UN31	2.0	50,00	9
UN32	17.75	3,00	9
UN33	2.25	50,00	4
UN34	19.75	50,00	6
UN35	9.0	50,00	8
UN36	11.75	50,00	7
UN37	6.25	38,00	8
UN38	9.25	50,00	5
UN39	8.75	50,00	1
UN40	19.25	50,00	8
UN41	8.5	4,00	5
UN42	15.5	50,00	8
UN43	11.0	18,00	2
UN44	10.5	50,00	2
UN45	20.25	41,00	8
UN46	13.5	50,00	8
UN47	23.25	22,00	7
UN48	10.75	50,00	4
UN49	2.0	33,00	5
UN50	1.75	39,00	5
UN51	4.5	16,00	5
UN52	11.25	0,00	6
UN53	5.75	36,00	10
UN54	13.0	50,00	8
UN55	13.75	50,00	4
UN56	17.75	50,00	8
UN57	15.25	27,00	7
UN58	3.0	42,00	6
UN59	7.5	50,00	8
UN60	13.25	0,00	8
UN61	17.0	50,00	8
UN62	10.25	50,00	3
UN63	15.75	27,00	3
UN64	14.5	34,00	6
TN1	6.25	29,00	6
TN2	0.0	0,00	3
TN3	17.25	50,00	4
TN4	7.25	50,00	3
TN5	15.5	50,00	8
TN6	16.25	46,00	6
TN7	5.25	45,00	9
TN8	4.25	10,00	2
TN9	14.0	36,00	10
TN10	16.25	50,00	6
TN11	11.75	50,00	2
TN12	7.0	50,00	5
TN13	10.5	24,00	6
TN14	2.0	50,00	3
TN15	23.75	1,00	6
TN16	12.25	50,00	2
TN17	17.25	5,00	7
TN18	17.5	50,00	9
TN19	23.25	50,00	7
TN20	24.0	50,00	8
TN21	1.5	50,00	2
TN22	23.25	50,00	6
TN23	12.25	1,00	1
TN24	18.5	7,00	2
TN25	5.0	33,00	1
TN26	3.75	50,00	1
TN27	19.5	50,00	10
TN28	15.5	26,00	1
TN29	15.25	50,00	5
TN30	21.25	23,00	9
TN31	13.75	41,00	10
TN32	14.0	50,00	3
TN33	19.5	20,00	7
TN34	8.25	9,00	2
TN35	3.25	50,00	4
TN36	23.0	23,00	2
TN37	22.0	30,00	10
TN38	18.75	50,00	1
TN39	13.25	29,00	5
TN40	22.25	43,00	5
TN41	14.25	29,00	2
TN42	12.0	42,00	6
TN43	8.5	35,00	2
TN44	12.5	1,00	10
TN45	7.25	50,00	4
TN46	2.25	13,00	9
TN47	12.25	50,00	8
TN48	4.75	20,00	4
TN49	9.75	26,00	10
TN50	5.25	50,00	7
TN51	9.0	41,00	5
TN52	21.5	50,00	10
TN53	1.75	42,00	6
TN54	18.75	43,00	10
TN55	21.5	50,00	2
TN56	6.0	50,00	2
TN57	17.0	34,00	6
TN58	21.0	29,00	2
TN59	9.0	13,00	5
TN60	15.5	50,00	8
TN61	0.75	44,00	2
TN62	14.25	50,00	3
TN63	0.0	0,00	3
TN64	19.5	47,00	2
SN1	2.25	45,00	7
SN2	24.0	33,00	3
SN3	21.25	28,00	8
SN4	17.75	50,00	1
SN5	19.75	50,00	2
SN6	12.5	50,00	10
SN7	22.25	32,00	6
SN8	15.25	50,00	10
SN9	6.5	50,00	7
SN10	3.5	50,00	7
SN11	9.0	50,00	9
SN12	5.0	50,00	8
SN13	1.75	50,00	7
SN14	18.5	50,00	5
SN15	1.5	16,00	1
SN16	3.75	1,00	10
SN17	19.5	50,00	5
SN18	10.75	50,00	4
SN19	13.5	14,00	6
SN20	16.75	50,00	10
SN21	13.0	50,00	10
SN22	3.75	50,00	10
SN23	24.25	50,00	5
SN24	7.0	50,00	1
SN25	18.5	50,00	5
SN26	23.0	34,00	8
SN27	7.75	44,00	6
SN28	12.75	11,00	5
SN29	0.75	50,00	7
SN30	4.5	50,00	4
SN31	5.75	27,00	8
SN32	2.5	14,00	9
SN33	6.5	9,00	2
SN34	21.5	48,00	4
SN35	5.0	21,00	4
SN36	12.0	37,00	4
SN37	17.5	5,00	5
SN38	19.0	7,00	9
SN39	9.75	37,00	9
SN40	1.25	50,00	3
SN41	21.25	47,00	3
SN42	24.25	50,00	5
SN43	5.5	50,00	9
SN44	9.25	50,00	2
SN45	19.25	50,00	8
SN46	3.75	50,00	2
SN47	7.5	50,00	2
SN48	7.5	19,00	9
SN49	10.25	39,00	9
SN50	16.25	4,00	7
SN51	19.25	42,00	2
SN52	16.75	21,00	2
SN53	4.5	50,00	1
SN54	14.25	8,00	4
SN55	0.75	40,00	4
SN56	12.75	41,00	4
SN57	13.75	1,00	5
SN58	16.5	50,00	2
SN59	13.25	50,00	8
SN60	11.25	44,00	10
SN61	19.75	44,00	4
SN62	0.75	47,00	7
SN63	5.25	26,00	4
SN64	7.75	49,00	10
RN1	4.25	11,00	4
RN2	8.25	33,00	2
RN3	6.75	38,00	4
RN4	3.0	41,00	2
RN5	0.0	0,00	8
RN6	23.5	12,00	8
RN7	23.75	23,00	9
RN8	2.75	10,00	2
RN9	16.25	50,00	5
RN10	2.0	50,00	10
RN11	0.75	50,00	8
RN12	13.5	50,00	7
RN13	19.5	8,00	5
RN14	2.0	50,00	5
RN15	20.0	50,00	9
RN16	2.0	26,00	7
RN17	3.25	50,00	5
RN18	8.0	43,00	2
RN19	1.75	48,00	3
RN20	15.0	5,00	2
RN21	0.0	0,00	9
RN22	7.75	50,00	1
RN23	13.75	50,00	6
RN24	11.25	34,00	2
RN25	15.25	50,00	7
RN26	14.75	37,00	4
RN27	16.75	50,00	8
RN28	14.5	50,00	5
RN29	18.75	50,00	9
RN30	24.5	0,00	7
RN31	17.5	50,00	8
RN32	10.25	31,00	8
RN33	0.0	0,00	2
RN34	18.0	27,00	4
RN35	14.25	50,00	7
RN36	13.5	50,00	9
RN37	22.0	21,00	4
RN38	18.75	24,00	6
RN39	19.75	50,00	5
RN40	8.0	50,00	4
RN41	3.5	50,00	9
RN42	8.75	50,00	9
RN43	16.25	50,00	8
RN44	18.25	50,00	7
RN45	5.25	17,00	7
RN46	17.75	18,00	7
RN47	5.0	22,00	10
RN48	24.0	50,00	5
RN49	16.25	50,00	7
RN50	23.75	50,00	9
RN51	4.5	50,00	7
RN52	20.0	47,00	7
RN53	23.5	50,00	6
RN54	13.25	50,00	2
RN55	23.0	15,00	9
RN56	0.75	5,00	7
RN57	23.75	50,00	9
RN58	8.75	5,00	10
RN59	15.75	50,00	10
RN60	2.75	50,00	5
RN61	1.5	50,00	4
RN62	7.0	47,00	4
RN63	7.5	50,00	7
RN64	6.25	50,00	8
QN1	24.5	43,00	9
QN2	11.0	50,00	4
QN3	0.0	0,00	6
QN4	19.0	0,00	2
QN5	8.0	18,00	7
QN6	7.25	47,00	3
QN7	5.0	46,00	2
QN8	12.25	14,00	4
QN9	6.0	3,00	9
QN10	7.5	24,00	5
QN11	4.25	10,00	6
QN12	17.0	36,00	2
QN13	11.25	50,00	4
QN14	18.5	36,00	7
QN15	13.25	6,00	5
QN16	3.5	48,00	5
QN17	10.0	26,00	5
QN18	4.0	50,00	6
QN19	13.5	50,00	7
QN20	8.25	50,00	7
QN21	1.0	28,00	7
QN22	7.75	50,00	6
QN23	7.75	10,00	9
QN24	11.25	34,00	6
QN25	11.75	50,00	8
QN26	24.5	3,00	4
QN27	4.25	50,00	7
QN28	17.0	50,00	3
QN29	7.75	50,00	2
QN30	23.75	50,00	5
QN31	1.5	43,00	4
QN32	9.75	35,00	8
QN33	6.25	29,00	2
QN34	5.25	20,00	4
QN35	4.0	31,00	9
QN36	8.0	50,00	1
QN37	8.75	43,00	5
QN38	7.0	50,00	9
QN39	14.25	50,00	5
QN40	16.75	50,00	2
QN41	19.25	46,00	10
QN42	13.5	50,00	8
QN43	18.5	50,00	2
QN44	7.5	50,00	6
QN45	24.25	50,00	2
QN46	19.25	18,00	3
QN47	17.5	42,00	2
QN48	15.0	50,00	3
QN49	15.5	50,00	7
QN50	4.25	50,00	4
QN51	17.75	8,00	7
QN52	16.0	42,00	9
QN53	23.25	32,00	6
QN54	4.25	5,00	5
QN55	21.75	20,00	4
QN56	3.5	50,00	3
QN57	15.75	50,00	7
QN58	6.75	24,00	4
QN59	21.75	50,00	6
QN60	22.25	50,00	6
QN61	8.75	50,00	5
QN62	1.25	50,00	9
QN63	0.75	12,00	10
QN64	6.25	50,00	8
PN1	5.5	50,00	6
PN2	15.0	50,00	4
PN3	18.25	50,00	5
PN4	24.25	33,00	2
PN5	13.0	32,00	9
PN6	16.25	50,00	8
PN7	14.75	50,00	1
PN8	6.75	27,00	4
PN9	7.25	3,00	9
PN10	6.5	46,00	3
PN11	15.75	50,00	6
PN12	8.75	15,00	2
PN13	8.25	31,00	1
PN14	21.75	0,00	4
PN15	10.75	50,00	9
PN16	6.0	50,00	7
PN17	17.25	3,00	2
PN18	7.5	19,00	4
PN19	23.5	50,00	5
PN20	5.5	17,00	3
PN21	7.25	50,00	9
PN22	15.5	4,00	6
PN23	0.5	18,00	9
PN24	3.0	6,00	8
PN25	9.0	46,00	5
PN26	13.25	50,00	5
PN27	5.25	12,00	2
PN28	3.5	25,00	6
PN29	14.25	40,00	4
PN30	15.5	18,00	1
PN31	8.0	33,00	8
PN32	9.75	49,00	8
PN33	22.75	9,00	4
PN34	17.75	42,00	3
PN35	6.25	9,00	5
PN36	12.0	41,00	5
PN37	16.5	50,00	6
PN38	6.5	50,00	3
PN39	21.25	50,00	1
PN40	14.0	18,00	2
PN41	3.25	29,00	7
PN42	2.0	16,00	3
PN43	11.25	50,00	8
PN44	10.75	50,00	7
PN45	14.75	22,00	6
PN46	11.0	21,00	9
PN47	6.25	7,00	5
PN48	11.75	12,00	1
PN49	18.0	50,00	5
PN50	24.0	50,00	4
PN51	1.5	50,00	1
PN52	17.25	25,00	7
PN53	21.0	13,00	6
PN54	3.75	2,00	9
PN55	4.0	48,00	3
PN56	13.5	3,00	5
PN57	4.5	34,00	7
PN58	11.75	25,00	9
PN59	3.0	39,00	3
PN60	20.0	50,00	5
PN61	7.5	20,00	10
PN62	11.25	50,00	4
PN63	5.5	50,00	9
PN64	5.25	50,00	9
ON1	17.75	16,00	10
ON2	5.5	50,00	2
ON3	2.75	34,00	7
ON4	21.5	43,00	3
ON5	22.0	42,00	1
ON6	25.0	13,00	4
ON7	13.0	31,00	6
ON8	6.75	37,00	5
ON9	15.5	12,00	5
ON10	3.5	16,00	8
ON11	19.75	23,00	3
ON12	4.5	50,00	9
ON13	19.25	50,00	6
ON14	7.0	50,00	4
ON15	21.25	50,00	2
ON16	22.0	50,00	3
ON17	9.75	37,00	6
ON18	17.0	25,00	3
ON19	14.5	33,00	9
ON20	0.25	50,00	8
ON21	9.75	50,00	9
ON22	8.75	40,00	7
ON23	13.0	50,00	7
ON24	11.75	50,00	4
ON25	15.5	50,00	9
ON26	10.75	10,00	4
ON27	13.0	1,00	9
ON28	9.5	50,00	8
ON29	11.75	47,00	7
ON30	11.0	33,00	9
ON31	17.75	50,00	10
ON32	19.0	50,00	9
ON33	9.25	50,00	6
ON34	16.75	50,00	7
ON35	19.0	50,00	7
ON36	17.25	50,00	8
ON37	20.0	20,00	7
ON38	0.25	50,00	8
ON39	10.25	22,00	2
ON40	14.0	50,00	5
ON41	16.0	50,00	8
ON42	8.5	50,00	9
ON43	23.5	50,00	4
ON44	18.0	50,00	5
ON45	17.75	7,00	10
ON46	25.0	35,00	5
ON47	15.75	37,00	3
ON48	6.25	50,00	10
ON49	0.75	12,00	4
ON50	14.5	21,00	1
ON51	24.75	50,00	7
ON52	2.0	12,00	9
ON53	6.5	13,00	8
ON54	8.25	35,00	8
ON55	7.25	50,00	10
ON56	24.0	49,00	8
ON57	21.75	50,00	7
ON58	20.5	6,00	3
ON59	7.5	50,00	2
ON60	6.75	30,00	9
ON61	14.75	50,00	7
ON62	0.75	50,00	9
ON63	2.25	33,00	6
ON64	21.5	39,00	8
NN1	4.0	50,00	4
NN2	22.5	1,00	2
NN3	4.0	30,00	10
NN4	20.5	23,00	1
NN5	1.75	50,00	8
NN6	7.0	6,00	8
NN7	5.5	50,00	3
NN8	4.75	50,00	2
NN9	10.25	50,00	8
NN10	24.5	50,00	7
NN11	23.5	18,00	1
NN12	8.75	50,00	6
NN13	3.0	50,00	7
NN14	13.0	8,00	7
NN15	14.25	50,00	3
NN16	19.75	50,00	4
NN17	0.0	0,00	4
NN18	23.75	48,00	6
NN19	11.0	50,00	7
NN20	10.5	50,00	3
NN21	21.25	50,00	6
NN22	9.5	10,00	9
NN23	1.0	22,00	10
NN24	7.5	43,00	2
NN25	17.0	34,00	8
NN26	18.75	50,00	3
NN27	13.0	50,00	7
NN28	11.75	50,00	1
NN29	22.25	50,00	9
NN30	22.25	50,00	10
NN31	0.25	50,00	3
NN32	11.5	4,00	6
NN33	9.5	29,00	6
NN34	21.0	40,00	3
NN35	15.0	19,00	7
NN36	5.75	11,00	5
NN37	2.0	50,00	3
NN38	9.25	39,00	10
NN39	1.0	14,00	3
NN40	23.25	7,00	6
NN41	12.5	27,00	2
NN42	12.75	50,00	4
NN43	22.5	50,00	3
NN44	13.5	50,00	2
NN45	21.75	46,00	3
NN46	0.0	0,00	1
NN47	6.5	50,00	6
NN48	15.25	50,00	1
NN49	5.5	50,00	9
NN50	2.5	47,00	2
NN51	13.75	50,00	7
NN52	6.0	50,00	9
NN53	13.5	14,00	10
NN54	21.5	50,00	4
NN55	8.0	50,00	3
NN56	16.5	50,00	3
NN57	12.5	2,00	5
NN58	1.5	8,00	2
NN59	18.0	27,00	6
NN60	17.25	50,00	5
NN61	19.5	50,00	1
NN62	23.25	50,00	6
NN63	15.25	46,00	5
NN64	7.25	36,00	8
MN1	1.25	50,00	7
MN2	12.5	50,00	6
MN3	14.0	50,00	6
MN4	4.75	21,00	4
MN5	25.0	50,00	10
MN6	12.75	29,00	9
MN7	2.5	21,00	9
MN8	5.5	50,00	10
MN9	3.0	50,00	10
MN10	17.0	25,00	3
MN11	13.25	47,00	6
MN12	3.0	49,00	7
MN13	14.25	8,00	2
MN14	23.5	50,00	9
MN15	6.25	9,00	5
MN16	12.25	50,00	2
MN17	1.0	4,00	6
MN18	14.0	18,00	2
MN19	13.25	2,00	3
MN20	17.75	33,00	4
MN21	20.75	15,00	8
MN22	9.75	22,00	1
MN23	14.5	18,00	3
MN24	20.0	38,00	3
MN25	23.25	40,00	6
MN26	11.5	50,00	4
MN27	17.75	40,00	7
MN28	18.25	38,00	4
MN29	12.5	50,00	4
MN30	12.5	24,00	9
MN31	24.25	6,00	3
MN32	16.75	50,00	5
MN33	22.25	50,00	2
MN34	6.25	50,00	2
MN35	0.75	36,00	3
MN36	16.0	50,00	10
MN37	24.25	50,00	9
MN38	20.5	50,00	5
MN39	20.75	50,00	3
MN40	4.25	50,00	9
MN41	15.5	22,00	9
MN42	19.25	50,00	4
MN43	23.25	30,00	6
MN44	18.25	43,00	6
MN45	8.75	39,00	4
MN46	10.5	37,00	9
MN47	15.0	22,00	2
MN48	21.25	50,00	3
MN49	8.0	50,00	8
MN50	10.0	10,00	9
MN51	12.5	50,00	6
MN52	11.0	50,00	6
MN53	16.25	22,00	8
MN54	6.5	42,00	7
MN55	6.5	11,00	3
MN56	3.5	50,00	7
MN57	6.75	43,00	2
MN58	24.0	29,00	2
MN59	9.75	37,00	9
MN60	25.0	43,00	3
MN61	2.75	50,00	6
MN62	22.25	42,00	5
MN63	20.75	48,00	4
MN64	16.25	50,00	3
LN1	12.25	50,00	6
LN2	6.75	50,00	1
LN3	24.75	39,00	4
LN4	20.5	10,00	7
LN5	15.5	24,00	2
LN6	22.0	14,00	7
LN7	1.25	6,00	9
LN8	16.0	31,00	6
LN9	7.25	9,00	7
LN10	4.75	50,00	10
LN11	15.25	42,00	10
LN12	12.5	20,00	5
LN13	24.0	16,00	3
LN14	20.75	50,00	8
LN15	18.0	9,00	2
LN16	23.75	50,00	9
LN17	20.0	17,00	3
LN18	22.0	50,00	4
LN19	4.0	50,00	1
LN20	7.5	50,00	2
LN21	1.0	30,00	3
LN22	0.75	50,00	4
LN23	5.25	49,00	9
LN24	2.75	50,00	3
LN25	14.0	39,00	9
LN26	14.5	19,00	7
LN27	24.5	50,00	6
LN28	9.25	7,00	4
LN29	15.5	50,00	2
LN30	0.5	50,00	2
LN31	13.5	50,00	7
LN32	9.0	36,00	8
LN33	21.0	50,00	3
LN34	9.25	50,00	8
LN35	0.5	33,00	5
LN36	5.0	49,00	7
LN37	21.75	31,00	5
LN38	12.5	1,00	4
LN39	14.25	50,00	5
LN40	17.75	50,00	3
LN41	9.5	50,00	7
LN42	8.25	50,00	9
LN43	21.0	2,00	3
LN44	1.75	50,00	9
LN45	0.5	37,00	2
LN46	15.75	5,00	7
LN47	10.5	39,00	5
LN48	10.75	33,00	10
LN49	15.75	50,00	6
LN50	7.75	50,00	2
LN51	15.25	50,00	8
LN52	10.25	41,00	4
LN53	25.0	12,00	1
LN54	13.75	50,00	9
LN55	8.75	2,00	4
LN56	16.25	10,00	3
LN57	14.75	50,00	7
LN58	7.75	41,00	4
LN59	10.0	4,00	4
LN60	6.75	50,00	9
LN61	10.5	41,00	4
LN62	11.0	50,00	5
LN63	5.75	45,00	1
LN64	16.0	40,00	5
KN1	25.0	50,00	2
KN2	23.5	24,00	4
KN3	12.25	50,00	6
KN4	15.25	45,00	9
KN5	20.5	50,00	8
KN6	19.75	38,00	4
KN7	21.0	50,00	9
KN8	9.25	18,00	9
KN9	9.5	32,00	3
KN10	14.0	50,00	3
KN11	3.0	50,00	10
KN12	19.0	50,00	3
KN13	16.25	21,00	8
KN14	12.25	49,00	2
KN15	7.25	1,00	7
KN16	1.25	50,00	4
KN17	6.5	27,00	5
KN18	5.75	44,00	4
KN19	10.25	50,00	6
KN20	9.75	50,00	5
KN21	14.0	3,00	2
KN22	24.5	50,00	3
KN23	12.0	50,00	7
KN24	24.75	0,00	2
KN25	10.25	34,00	4
KN26	6.5	50,00	4
KN27	24.0	50,00	6
KN28	0.5	13,00	2
KN29	0.25	50,00	6
KN30	12.75	50,00	5
KN31	7.75	50,00	6
KN32	22.5	43,00	3
KN33	1.5	48,00	3
KN34	4.75	50,00	7
KN35	14.0	11,00	8
KN36	15.75	50,00	2
KN37	1.5	41,00	4
KN38	9.75	50,00	2
KN39	1.5	50,00	1
KN40	10.25	22,00	4
KN41	13.75	26,00	4
KN42	14.75	50,00	9
KN43	0.75	50,00	8
KN44	25.0	50,00	10
KN45	5.0	50,00	1
KN46	15.5	50,00	3
KN47	5.0	29,00	6
KN48	16.25	50,00	9
KN49	12.75	35,00	1
KN50	18.0	23,00	10
KN51	0.25	50,00	5
KN52	23.0	50,00	2
KN53	6.75	50,00	8
KN54	7.75	22,00	4
KN55	11.75	48,00	3
KN56	19.5	50,00	9
KN57	23.0	50,00	10
KN58	2.75	3,00	9
KN59	6.25	36,00	1
KN60	9.25	50,00	6
KN61	22.5	50,00	8
KN62	23.25	42,00	7
KN63	2.25	26,00	4
KN64	4.5	50,00	9
JN1	10.0	2,00	4
JN2	18.5	50,00	8
JN3	20.75	50,00	6
JN4	5.5	40,00	9
JN5	4.75	50,00	6
JN6	0.75	43,00	2
JN7	10.0	50,00	4
JN8	15.5	50,00	4
JN9	16.25	9,00	5
JN10	0.5	50,00	9
JN11	6.25	50,00	9
JN12	2.0	33,00	1
JN13	9.5	48,00	2
JN14	8.75	43,00	2
JN15	4.5	13,00	7
JN16	8.75	50,00	4
JN17	22.5	24,00	1
JN18	1.25	28,00	9
JN19	8.0	50,00	3
JN20	12.25	24,00	6
JN21	17.25	32,00	8
JN22	24.75	40,00	8
JN23	16.5	35,00	5
JN24	7.5	14,00	8
JN25	20.0	2,00	8
JN26	21.5	50,00	3
JN27	8.75	16,00	5
JN28	9.5	1,00	5
JN29	19.75	50,00	10
JN30	9.5	50,00	10
JN31	20.5	2,00	6
JN32	15.5	39,00	3
JN33	2.75	50,00	3
JN34	7.0	9,00	5
JN35	24.75	50,00	8
JN36	16.0	17,00	3
JN37	12.5	16,00	9
JN38	8.5	14,00	1
JN39	12.25	50,00	5
JN40	5.0	32,00	9
JN41	1.25	24,00	10
JN42	4.0	50,00	1
JN43	21.0	45,00	7
JN44	2.5	26,00	2
JN45	12.5	31,00	10
JN46	0.25	5,00	4
JN47	11.25	50,00	7
JN48	3.5	33,00	2
JN49	6.25	50,00	1
JN50	15.25	50,00	1
JN51	14.25	4,00	6
JN52	10.0	30,00	2
JN53	8.0	13,00	2
JN54	20.25	50,00	4
JN55	10.75	2,00	3
JN56	2.5	23,00	8
JN57	16.0	14,00	6
JN58	16.0	50,00	7
JN59	5.0	48,00	3
JN60	11.75	50,00	1
JN61	0.25	39,00	3
JN62	15.25	7,00	3
JN63	20.0	50,00	10
JN64	24.0	50,00	1
IN1	17.5	50,00	8
IN2	15.75	50,00	8
IN3	20.5	50,00	7
IN4	14.0	21,00	10
IN5	25.0	29,00	9
IN6	21.0	49,00	8
IN7	5.25	50,00	7
IN8	11.0	26,00	4
IN9	23.75	50,00	4
IN10	2.5	50,00	8
IN11	19.75	17,00	1
IN12	3.5	50,00	6
IN13	1.75	50,00	4
IN14	0.25	5,00	1
IN15	19.75	42,00	2
IN16	13.5	50,00	4
IN17	13.5	10,00	8
IN18	23.75	47,00	8
IN19	9.5	43,00	3
IN20	1.5	50,00	10
IN21	18.75	50,00	3
IN22	1.75	50,00	2
IN23	4.25	50,00	8
IN24	18.0	0,00	6
IN25	9.25	40,00	9
IN26	1.0	21,00	10
IN27	7.5	50,00	7
IN28	19.5	50,00	6
IN29	5.5	50,00	1
IN30	13.25	50,00	4
IN31	22.25	50,00	1
IN32	11.75	9,00	8
IN33	2.5	29,00	1
IN34	23.75	50,00	8
IN35	10.0	31,00	2
IN36	12.5	11,00	2
IN37	16.25	11,00	9
IN38	5.25	50,00	7
IN39	18.25	24,00	6
IN40	16.5	50,00	4
IN41	22.5	41,00	3
IN42	0.25	35,00	3
IN43	20.5	50,00	2
IN44	19.25	12,00	5
IN45	15.5	39,00	5
IN46	4.5	9,00	9
IN47	1.5	41,00	3
IN48	14.25	50,00	1
IN49	23.75	50,00	4
IN50	5.5	49,00	8
IN51	4.5	50,00	6
IN52	12.25	23,00	6
IN53	24.25	50,00	1
IN54	1.0	25,00	7
IN55	9.0	43,00	6
IN56	19.0	50,00	4
IN57	22.25	43,00	6
IN58	12.25	50,00	6
IN59	15.25	50,00	3
IN60	17.25	50,00	8
IN61	7.5	50,00	5
IN62	20.0	50,00	6
IN63	4.25	44,00	10
IN64	1.0	50,00	8
HN1	21.0	50,00	6
HN2	6.5	36,00	9
HN3	16.0	45,00	5
HN4	10.75	3,00	7
HN5	22.25	33,00	3
HN6	23.5	50,00	6
HN7	16.75	44,00	3
HN8	8.75	50,00	5
HN9	15.25	50,00	9
HN10	18.0	33,00	5
HN11	10.75	30,00	3
HN12	17.5	37,00	5
HN13	17.5	50,00	3
HN14	9.75	50,00	8
HN15	1.75	43,00	7
HN16	2.0	23,00	4
HN17	5.25	40,00	6
HN18	19.75	50,00	7
HN19	19.5	21,00	5
HN20	2.5	50,00	6
HN21	0.25	50,00	2
HN22	13.5	18,00	5
HN23	23.5	50,00	9
HN24	5.25	5,00	7
HN25	24.0	2,00	1
HN26	23.25	50,00	1
HN27	18.0	50,00	9
HN28	18.75	20,00	9
HN29	14.75	43,00	1
HN30	11.0	50,00	8
HN31	24.25	50,00	10
HN32	13.75	50,00	8
HN33	13.5	50,00	3
HN34	6.25	28,00	3
HN35	23.5	50,00	9
HN36	17.5	45,00	4
HN37	8.0	49,00	7
HN38	23.5	50,00	7
HN39	18.0	50,00	4
HN40	16.0	50,00	5
HN41	24.0	24,00	10
HN42	13.25	16,00	6
HN43	4.0	50,00	9
HN44	19.5	50,00	8
HN45	6.25	50,00	9
HN46	9.0	43,00	9
HN47	16.0	25,00	7
HN48	3.5	9,00	10
HN49	6.25	50,00	2
HN50	2.25	50,00	4
HN51	4.25	39,00	9
HN52	17.25	26,00	5
HN53	21.5	50,00	3
HN54	22.5	50,00	6
HN55	25.0	50,00	2
HN56	25.0	26,00	6
HN57	9.75	50,00	3
HN58	19.0	50,00	6
HN59	6.5	50,00	8
HN60	16.5	4,00	3
HN61	6.0	16,00	8
HN62	22.5	50,00	5
HN63	22.75	50,00	1
HN64	12.0	8,00	4
GN1	15.25	50,00	8
GN2	4.25	4,00	8
GN3	5.75	50,00	8
GN4	3.0	49,00	2
GN5	20.0	50,00	3
GN6	17.75	35,00	1
GN7	8.5	50,00	6
GN8	22.75	29,00	5
GN9	6.5	50,00	4
GN10	6.5	50,00	8
GN11	4.25	14,00	9
GN12	4.25	42,00	8
GN13	3.25	14,00	7
GN14	19.75	21,00	4
GN15	22.0	27,00	5
GN16	20.75	50,00	9
GN17	24.5	50,00	2
GN18	20.25	32,00	5
GN19	19.0	37,00	3
GN20	18.25	43,00	7
GN21	12.0	44,00	4
GN22	2.25	50,00	5
GN23	16.0	25,00	7
GN24	18.5	28,00	5
GN25	10.0	42,00	9
GN26	2.0	9,00	6
GN27	15.25	25,00	2
GN28	17.0	46,00	3
GN29	25.0	24,00	2
GN30	5.5	47,00	9
GN31	12.5	50,00	7
GN32	18.75	11,00	2
GN33	4.75	50,00	7
GN34	4.25	7,00	3
GN35	3.75	50,00	4
GN36	11.5	19,00	2
GN37	14.25	50,00	7
GN38	15.0	50,00	2
GN39	20.0	28,00	8
GN40	20.0	12,00	3
GN41	20.75	50,00	4
GN42	15.5	50,00	5
GN43	0.25	50,00	3
GN44	21.5	50,00	9
GN45	23.0	50,00	9
GN46	17.0	38,00	8
GN47	21.25	50,00	2
GN48	5.5	27,00	7
GN49	8.5	50,00	6
GN50	4.75	50,00	8
GN51	14.5	50,00	10
GN52	22.25	10,00	3
GN53	7.25	50,00	4
GN54	4.5	50,00	7
GN55	2.25	50,00	10
GN56	21.0	50,00	7
GN57	7.75	50,00	5
GN58	1.5	36,00	1
GN59	18.75	34,00	7
GN60	3.75	50,00	7
GN61	1.5	16,00	4
GN62	13.5	32,00	2
GN63	19.5	50,00	2
GN64	21.75	4,00	5
FN1	11.0	50,00	3
FN2	19.75	50,00	4
FN3	15.0	21,00	4
FN4	24.75	37,00	9
FN5	20.75	50,00	4
FN6	6.75	50,00	8
FN7	10.0	50,00	10
FN8	7.5	43,00	10
FN9	17.25	44,00	4
FN10	17.5	50,00	4
FN11	16.0	50,00	6
FN12	6.75	41,00	10
FN13	24.25	3,00	10
FN14	24.5	12,00	9
FN15	7.5	42,00	2
FN16	15.0	50,00	6
FN17	19.0	50,00	10
FN18	18.0	32,00	8
FN19	0.0	0,00	1
FN20	19.75	38,00	5
FN21	18.0	50,00	5
FN22	23.5	50,00	7
FN23	3.25	6,00	2
FN24	19.5	50,00	1
FN25	10.0	50,00	9
FN26	17.25	50,00	9
FN27	11.5	15,00	3
FN28	9.25	50,00	8
FN29	7.25	2,00	8
FN30	19.5	47,00	5
FN31	6.25	50,00	7
FN32	7.0	14,00	6
FN33	23.0	13,00	6
FN34	16.75	27,00	3
FN35	9.0	18,00	8
FN36	10.25	32,00	1
FN37	11.75	46,00	7
FN38	14.5	50,00	7
FN39	1.0	50,00	7
FN40	6.25	19,00	6
FN41	17.0	50,00	4
FN42	20.75	50,00	6
FN43	19.75	40,00	4
FN44	8.0	50,00	7
FN45	18.75	26,00	10
FN46	8.75	9,00	3
FN47	19.75	18,00	8
FN48	24.0	18,00	9
FN49	16.0	50,00	8
FN50	24.25	50,00	10
FN51	13.75	50,00	7
FN52	0.25	37,00	1
FN53	2.25	50,00	8
FN54	19.25	50,00	1
FN55	17.5	50,00	8
FN56	15.75	50,00	4
FN57	2.25	50,00	6
FN58	16.75	48,00	3
FN59	19.5	43,00	7
FN60	16.25	50,00	3
FN61	15.75	50,00	9
FN62	16.25	22,00	4
FN63	2.5	27,00	4
FN64	24.5	50,00	5
EN1	8.25	22,00	8
EN2	15.0	50,00	8
EN3	4.25	10,00	4
EN4	0.75	25,00	4
EN5	0.5	50,00	9
EN6	13.5	37,00	6
EN7	23.25	50,00	8
EN8	24.0	50,00	6
EN9	17.0	50,00	7
EN10	16.25	33,00	2
EN11	10.25	21,00	3
EN12	14.0	50,00	4
EN13	9.5	14,00	5
EN14	8.5	50,00	8
EN15	25.0	50,00	7
EN16	18.5	50,00	3
EN17	5.75	50,00	10
EN18	19.0	50,00	1
EN19	24.25	50,00	6
EN20	10.5	42,00	4
EN21	19.25	37,00	5
EN22	21.75	2,00	3
EN23	19.75	50,00	8
EN24	23.25	46,00	6
EN25	9.0	12,00	3
EN26	15.75	50,00	4
EN27	14.0	50,00	10
EN28	16.0	50,00	6
EN29	20.5	50,00	3
EN30	21.25	7,00	6
EN31	16.25	50,00	7
EN32	8.75	50,00	2
EN33	12.5	50,00	4
EN34	19.0	1,00	10
EN35	23.5	48,00	3
EN36	3.0	45,00	5
EN37	25.0	50,00	2
EN38	15.75	50,00	3
EN39	15.25	18,00	7
EN40	3.5	32,00	3
EN41	3.0	1,00	7
EN42	10.0	50,00	2
EN43	13.75	35,00	8
EN44	16.0	8,00	9
EN45	10.75	12,00	5
EN46	17.0	50,00	5
EN47	7.25	41,00	10
EN48	21.0	11,00	1
EN49	18.75	50,00	5
EN50	12.25	22,00	1
EN51	16.25	50,00	7
EN52	15.0	22,00	5
EN53	11.5	50,00	9
EN54	16.25	50,00	8
EN55	14.25	50,00	4
EN56	16.25	50,00	3
EN57	8.25	12,00	4
EN58	14.25	7,00	1
EN59	13.25	50,00	4
EN60	23.5	32,00	6
EN61	6.75	44,00	7
EN62	13.75	50,00	4
EN63	0.5	50,00	8
EN64	8.25	50,00	10
DN1	14.5	33,00	2
DN2	5.0	50,00	8
DN3	4.0	50,00	2
DN4	13.75	21,00	6
DN5	6.5	50,00	9
DN6	8.25	19,00	7
DN7	6.25	50,00	7
DN8	3.25	50,00	4
DN9	20.75	50,00	9
DN10	12.5	43,00	2
DN11	9.0	50,00	5
DN12	1.0	28,00	4
DN13	24.75	50,00	4
DN14	22.5	13,00	5
DN15	14.0	26,00	1
DN16	19.75	27,00	3
DN17	16.0	47,00	7
DN18	20.75	38,00	6
DN19	4.25	24,00	5
DN20	17.0	50,00	10
DN21	23.0	6,00	9
DN22	9.0	19,00	7
DN23	20.0	34,00	2
DN24	13.5	50,00	6
DN25	6.0	10,00	7
DN26	13.75	18,00	4
DN27	8.25	50,00	9
DN28	22.25	32,00	9
DN29	8.25	50,00	7
DN30	2.75	50,00	7
DN31	3.25	50,00	2
DN32	17.75	47,00	9
DN33	12.75	7,00	5
DN34	16.0	50,00	4
DN35	18.5	43,00	7
DN36	18.0	50,00	8
DN37	22.0	32,00	4
DN38	23.25	50,00	6
DN39	2.25	50,00	5
DN40	6.25	8,00	2
DN41	25.0	19,00	8
DN42	9.5	17,00	9
DN43	9.0	11,00	8
DN44	0.75	50,00	8
DN45	23.75	49,00	9
DN46	4.5	50,00	4
DN47	7.0	50,00	7
DN48	7.5	37,00	7
DN49	6.0	30,00	2
DN50	12.75	36,00	10
DN51	5.25	7,00	10
DN52	9.0	2,00	3
DN53	19.0	41,00	7
DN54	1.25	47,00	5
DN55	11.0	20,00	3
DN56	17.0	40,00	5
DN57	14.0	50,00	1
DN58	15.5	32,00	7
DN59	0.5	47,00	8
DN60	17.5	50,00	2
DN61	15.5	50,00	7
DN62	1.5	50,00	5
DN63	21.75	20,00	5
DN64	19.5	27,00	10
CN1	18.25	37,00	8
CN2	10.25	50,00	8
CN3	22.0	31,00	10
CN4	16.5	41,00	4
CN5	1.25	14,00	6
CN6	12.25	50,00	6
CN7	7.25	50,00	9
CN8	12.75	38,00	9
CN9	11.5	36,00	7
CN10	12.75	49,00	2
CN11	1.0	50,00	1
CN12	20.5	50,00	6
CN13	15.75	50,00	7
CN14	11.25	50,00	9
CN15	21.5	22,00	3
CN16	25.0	42,00	6
CN17	15.25	40,00	5
CN18	13.75	50,00	6
CN19	15.25	50,00	3
CN20	3.5	50,00	6
CN21	15.0	30,00	9
CN22	17.0	44,00	4
CN23	14.0	23,00	5
CN24	6.5	50,00	8
CN25	10.0	6,00	5
CN26	25.0	8,00	7
CN27	17.25	21,00	10
CN28	18.5	50,00	2
CN29	19.75	25,00	6
CN30	7.5	10,00	2
CN31	12.5	28,00	5
CN32	5.25	50,00	4
CN33	3.5	14,00	10
CN34	19.25	13,00	6
CN35	9.25	30,00	3
CN36	11.75	32,00	10
CN37	10.25	27,00	4
CN38	5.5	50,00	2
CN39	21.75	50,00	7
CN40	13.5	50,00	7
CN41	6.25	50,00	9
CN42	18.25	50,00	4
CN43	14.75	48,00	6
CN44	1.75	50,00	5
CN45	12.5	50,00	9
CN46	18.0	49,00	3
CN47	3.75	28,00	10
CN48	8.5	4,00	3
CN49	14.0	12,00	3
CN50	14.25	50,00	4
CN51	18.0	10,00	7
CN52	21.5	1,00	9
CN53	10.25	50,00	5
CN54	13.25	50,00	6
CN55	10.75	50,00	9
CN56	16.0	50,00	1
CN57	3.75	50,00	6
CN58	13.75	50,00	3
CN59	10.25	11,00	6
CN60	3.25	50,00	1
CN61	10.75	9,00	8
CN62	15.0	27,00	4
CN63	11.75	50,00	1
CN64	3.25	35,00	8
BN1	8.5	50,00	4
BN2	9.0	50,00	5
BN3	1.5	37,00	5
BN4	23.25	50,00	6
BN5	11.25	7,00	6
BN6	23.75	50,00	5
BN7	24.0	0,00	9
BN8	19.25	46,00	7
BN9	9.25	50,00	3
BN10	21.25	50,00	9
BN11	25.0	50,00	2
BN12	14.75	50,00	3
BN13	7.5	50,00	8
BN14	16.75	0,00	4
BN15	9.0	50,00	3
BN16	24.25	0,00	7
BN17	1.0	6,00	4
BN18	10.5	7,00	3
BN19	1.0	21,00	2
BN20	11.25	42,00	5
BN21	4.25	50,00	3
BN22	23.25	50,00	9
BN23	24.5	8,00	9
BN24	16.5	38,00	4
BN25	10.25	50,00	10
BN26	11.25	33,00	5
BN27	9.75	50,00	7
BN28	15.25	50,00	5
BN29	6.25	50,00	10
BN30	6.75	29,00	2
BN31	6.0	17,00	5
BN32	12.75	50,00	4
BN33	1.25	20,00	8
BN34	24.5	50,00	4
BN35	14.5	46,00	8
BN36	10.0	39,00	2
BN37	8.0	41,00	6
BN38	22.5	50,00	9
BN39	9.5	50,00	8
BN40	20.5	29,00	3
BN41	20.0	8,00	9
BN42	9.75	50,00	8
BN43	7.0	37,00	9
BN44	6.75	50,00	9
BN45	7.75	22,00	6
BN46	13.25	42,00	5
BN47	1.0	50,00	1
BN48	1.5	50,00	6
BN49	19.25	50,00	1
BN50	2.0	50,00	7
BN51	2.0	40,00	2
BN52	24.75	50,00	9
BN53	18.25	17,00	2
BN54	1.5	50,00	7
BN55	8.75	16,00	7
BN56	3.75	43,00	10
BN57	2.75	13,00	3
BN58	3.5	35,00	10
BN59	9.25	23,00	9
BN60	13.25	9,00	4
BN61	12.25	1,00	4
BN62	5.75	19,00	10
BN63	14.0	50,00	6
BN64	18.5	44,00	8
AN1	22.0	50,00	4
AN2	14.5	41,00	6
AN3	7.5	21,00	7
AN4	24.5	50,00	1
AN5	20.5	50,00	8
AN6	20.0	50,00	10
AN7	9.5	40,00	5
AN8	5.25	50,00	3
AN9	19.25	37,00	3
AN10	18.75	50,00	2
AN11	2.5	50,00	9
AN12	7.75	50,00	7
AN13	23.25	29,00	1
AN14	3.75	50,00	1
AN15	12.25	35,00	4
AN16	5.5	50,00	7
AN17	24.25	12,00	8
AN18	20.25	50,00	8
AN19	10.0	50,00	7
AN20	23.5	50,00	9
AN21	21.5	50,00	2
AN22	5.0	50,00	10
AN23	21.5	18,00	2
AN24	20.25	50,00	7
AN25	23.75	50,00	8
AN26	12.25	26,00	2
AN27	8.5	50,00	8
AN28	7.0	50,00	9
AN29	16.25	49,00	3
AN30	2.5	50,00	6
AN31	22.25	22,00	6
AN32	13.5	34,00	1
AN33	5.25	50,00	4
AN34	13.25	5,00	8
AN35	14.75	29,00	2
AN36	21.75	43,00	5
AN37	15.0	24,00	8
AN38	2.0	50,00	2
AN39	15.0	39,00	6
AN40	7.0	38,00	6
AN41	8.0	50,00	7
AN42	10.25	50,00	1
AN43	12.25	50,00	9
AN44	17.0	50,00	1
AN45	11.75	8,00	7
AN46	9.0	21,00	1
AN47	6.25	21,00	10
AN48	8.0	46,00	6
AN49	12.75	50,00	6
AN50	11.5	50,00	4
AN51	0.75	11,00	7
AN52	16.75	50,00	1
AN53	18.5	10,00	3
AN54	2.75	19,00	5
AN55	1.25	26,00	2
AN56	3.5	38,00	3
AN57	24.75	50,00	6
AN58	7.0	50,00	4
AN59	10.5	43,00	7
AN60	20.75	13,00	3
AN61	9.75	50,00	3
AN62	20.5	46,00	2
AN63	1.75	50,00	7
AN64	1.25	50,00	6
BS1	13.25	0,00	7
BS2	2.25	50,00	5
BS3	7.25	50,00	6
BS4	1.25	50,00	9
BS5	18.25	50,00	2
BS6	12.0	50,00	5
BS7	9.5	50,00	9
BS8	8.5	50,00	7
BS9	1.5	26,00	8
BS10	14.5	50,00	9
BS11	23.25	39,00	3
BS12	19.5	50,00	9
BS13	5.75	45,00	4
BS14	14.0	37,00	3
BS15	25.0	50,00	6
BS16	21.0	34,00	8
BS17	7.25	4,00	4
BS18	3.75	50,00	1
BS19	1.25	13,00	1
BS20	6.0	50,00	5
BS21	12.25	5,00	2
BS22	16.5	50,00	9
BS23	4.75	34,00	4
BS24	22.0	50,00	10
BS25	15.0	24,00	3
BS26	21.25	50,00	10
BS27	0.25	50,00	9
BS28	13.5	36,00	5
BS29	18.0	50,00	9
BS30	5.0	36,00	10
BS31	8.75	50,00	6
BS32	4.5	50,00	5
BS33	18.75	29,00	3
BS34	5.5	50,00	8
BS35	10.75	10,00	3
BS36	3.75	10,00	4
BS37	9.25	15,00	1
BS38	18.5	35,00	9
BS39	6.5	50,00	5
BS40	3.0	50,00	5
BS41	4.0	50,00	5
BS42	24.75	35,00	3
BS43	15.5	20,00	2
BS44	11.75	50,00	8
BS45	20.0	29,00	8
BS46	14.0	46,00	9
BS47	13.5	40,00	6
BS48	7.0	50,00	5
BS49	19.0	48,00	9
BS50	3.5	50,00	7
BS51	11.25	3,00	2
BS52	9.75	17,00	1
BS53	1.5	50,00	1
BS54	19.5	24,00	3
BS55	20.0	50,00	5
BS56	10.75	17,00	8
BS57	15.5	26,00	3
BS58	1.25	50,00	2
BS59	6.5	46,00	2
BS60	7.0	26,00	8
BS61	10.5	35,00	4
BS62	2.0	36,00	6
BS63	12.75	24,00	10
BS64	6.25	18,00	6
CS1	1.25	50,00	4
CS2	13.0	50,00	5
CS3	5.25	50,00	6
CS4	15.5	32,00	3
CS5	20.25	18,00	1
CS6	18.75	17,00	4
CS7	18.25	16,00	1
CS8	11.0	50,00	2
CS9	17.5	39,00	2
CS10	23.25	44,00	3
CS11	1.5	20,00	9
CS12	5.25	50,00	5
CS13	14.5	50,00	5
CS14	17.5	38,00	6
CS15	5.5	50,00	5
CS16	24.5	16,00	7
CS17	19.25	46,00	9
CS18	24.25	50,00	7
CS19	5.25	50,00	4
CS20	21.5	50,00	7
CS21	10.0	50,00	1
CS22	14.75	41,00	2
CS23	14.25	50,00	1
CS24	18.5	50,00	2
CS25	18.25	32,00	8
CS26	12.0	19,00	6
CS27	17.5	50,00	8
CS28	18.75	4,00	5
CS29	19.0	50,00	3
CS30	9.75	50,00	1
CS31	7.75	50,00	1
CS32	21.0	8,00	1
CS33	19.75	50,00	5
CS34	13.25	50,00	8
CS35	6.75	1,00	3
CS36	1.75	50,00	3
CS37	17.25	50,00	10
CS38	18.75	7,00	4
CS39	6.25	30,00	8
CS40	3.25	18,00	7
CS41	3.0	38,00	7
CS42	15.5	25,00	3
CS43	20.0	50,00	2
CS44	13.75	50,00	6
CS45	16.5	50,00	4
CS46	3.75	50,00	3
CS47	11.5	39,00	3
CS48	0.5	42,00	3
CS49	17.5	22,00	9
CS50	19.5	29,00	3
CS51	17.75	50,00	4
CS52	20.5	49,00	1
CS53	18.75	50,00	9
CS54	21.0	39,00	4
CS55	13.75	50,00	8
CS56	8.0	37,00	10
CS57	2.0	0,00	1
CS58	21.25	5,00	7
CS59	3.75	11,00	2
CS60	0.0	0,00	3
CS61	9.75	50,00	4
CS62	17.75	41,00	6
CS63	6.0	11,00	5
CS64	21.5	50,00	6
DS1	16.75	50,00	2
DS2	4.25	38,00	9
DS3	2.25	50,00	2
DS4	24.75	50,00	6
DS5	13.0	50,00	9
DS6	22.0	50,00	4
DS7	13.0	50,00	7
DS8	5.25	50,00	6
DS9	1.25	4,00	6
DS10	17.75	0,00	8
DS11	12.0	50,00	2
DS12	21.0	50,00	5
DS13	20.75	50,00	5
DS14	14.5	36,00	9
DS15	14.0	43,00	3
DS16	13.5	50,00	4
DS17	19.0	50,00	2
DS18	0.25	50,00	10
DS19	6.25	14,00	9
DS20	18.5	1,00	8
DS21	7.25	25,00	6
DS22	13.5	38,00	10
DS23	11.5	50,00	7
DS24	13.75	50,00	6
DS25	7.25	50,00	1
DS26	18.0	9,00	5
DS27	23.5	32,00	10
DS28	10.25	50,00	4
DS29	13.5	44,00	6
DS30	24.5	38,00	3
DS31	11.5	50,00	9
DS32	25.0	50,00	2
DS33	7.0	30,00	10
DS34	15.25	50,00	2
DS35	20.25	50,00	5
DS36	14.0	44,00	3
DS37	10.5	4,00	7
DS38	25.0	50,00	9
DS39	24.0	50,00	4
DS40	7.25	50,00	9
DS41	8.0	50,00	5
DS42	3.75	50,00	4
DS43	4.0	18,00	6
DS44	3.5	50,00	4
DS45	21.5	47,00	3
DS46	23.75	50,00	2
DS47	19.5	50,00	9
DS48	3.75	50,00	10
DS49	14.5	50,00	1
DS50	6.0	50,00	7
DS51	0.25	43,00	3
DS52	8.75	9,00	6
DS53	1.5	50,00	5
DS54	22.0	50,00	7
DS55	9.5	50,00	6
DS56	5.5	28,00	4
DS57	11.75	20,00	3
DS58	10.75	50,00	9
DS59	5.5	11,00	5
DS60	14.5	50,00	4
DS61	11.75	50,00	2
DS62	11.0	50,00	5
DS63	23.5	17,00	7
DS64	6.5	14,00	9
ES1	20.0	0,00	5
ES2	3.25	50,00	3
ES3	3.0	25,00	2
ES4	21.5	50,00	9
ES5	2.25	16,00	6
ES6	17.0	50,00	8
ES7	12.5	50,00	7
ES8	7.5	50,00	4
ES9	5.5	16,00	3
ES10	6.25	40,00	4
ES11	21.5	50,00	6
ES12	12.75	50,00	2
ES13	3.5	48,00	8
ES14	14.75	50,00	7
ES15	17.0	20,00	4
ES16	18.25	33,00	8
ES17	2.0	50,00	7
ES18	7.75	50,00	8
ES19	1.25	50,00	8
ES20	23.25	50,00	3
ES21	0.25	50,00	4
ES22	9.5	35,00	2
ES23	14.75	5,00	8
ES24	8.5	50,00	7
ES25	18.0	13,00	6
ES26	7.75	50,00	9
ES27	19.5	50,00	5
ES28	20.5	50,00	8
ES29	2.5	50,00	7
ES30	22.5	50,00	2
ES31	24.0	50,00	7
ES32	22.25	50,00	9
ES33	22.25	18,00	7
ES34	12.25	50,00	1
ES35	14.5	29,00	5
ES36	5.75	50,00	8
ES37	2.0	21,00	5
ES38	13.0	25,00	3
ES39	14.75	23,00	7
ES40	9.0	50,00	9
ES41	1.25	50,00	6
ES42	23.5	35,00	8
ES43	6.75	50,00	8
ES44	9.25	37,00	4
ES45	10.5	14,00	9
ES46	15.75	50,00	1
ES47	17.5	47,00	7
ES48	9.0	50,00	7
ES49	13.75	17,00	3
ES50	18.75	50,00	1
ES51	19.0	50,00	4
ES52	20.0	17,00	6
ES53	10.25	13,00	5
ES54	8.75	50,00	3
ES55	19.0	50,00	8
ES56	5.0	50,00	10
ES57	18.5	50,00	2
ES58	2.0	50,00	9
ES59	20.25	6,00	3
ES60	15.75	50,00	9
ES61	0.75	40,00	9
ES62	3.75	10,00	9
ES63	20.0	50,00	3
ES64	9.75	50,00	8
FS1	0.0	0,00	5
FS2	9.0	50,00	2
FS3	0.0	0,00	7
FS4	23.75	50,00	7
FS5	7.25	5,00	3
FS6	16.0	3,00	7
FS7	10.75	9,00	7
FS8	24.25	50,00	5
FS9	22.75	50,00	4
FS10	9.75	35,00	5
FS11	23.5	50,00	1
FS12	7.0	50,00	4
FS13	22.25	27,00	3
FS14	12.25	50,00	7
FS15	23.75	50,00	7
FS16	15.75	50,00	10
FS17	23.25	50,00	6
FS18	8.0	50,00	6
FS19	9.0	50,00	9
FS20	2.75	1,00	1
FS21	11.5	50,00	8
FS22	11.25	50,00	1
FS23	6.75	39,00	8
FS24	16.0	50,00	9
FS25	18.5	50,00	10
FS26	14.25	50,00	2
FS27	4.75	50,00	8
FS28	15.0	50,00	2
FS29	16.0	50,00	9
FS30	19.0	8,00	7
FS31	17.5	50,00	7
FS32	0.0	0,00	4
FS33	19.75	35,00	3
FS34	2.25	50,00	7
FS35	7.25	22,00	7
FS36	1.25	50,00	8
FS37	17.0	50,00	4
FS38	13.0	41,00	3
FS39	13.5	45,00	1
FS40	11.5	50,00	8
FS41	16.25	50,00	7
FS42	20.75	1,00	5
FS43	10.0	48,00	9
FS44	21.75	45,00	3
FS45	12.0	39,00	3
FS46	21.0	11,00	7
FS47	8.0	14,00	9
FS48	1.25	11,00	1
FS49	11.75	5,00	9
FS50	24.75	40,00	8
FS51	21.5	43,00	3
FS52	22.25	40,00	7
FS53	3.75	50,00	4
FS54	17.75	5,00	10
FS55	23.25	50,00	6
FS56	15.25	50,00	3
FS57	14.75	50,00	10
FS58	16.0	50,00	2
FS59	21.0	31,00	3
FS60	11.25	42,00	5
FS61	13.5	50,00	5
FS62	24.5	39,00	4
FS63	0.0	0,00	2
FS64	6.0	50,00	3
GS1	20.25	2,00	6
GS2	19.25	50,00	5
GS3	8.0	50,00	3
GS4	14.25	50,00	10
GS5	7.5	19,00	5
GS6	25.0	50,00	5
GS7	11.0	50,00	3
GS8	15.5	50,00	8
GS9	5.75	50,00	10
GS10	14.25	33,00	1
GS11	21.5	42,00	7
GS12	0.25	50,00	2
GS13	10.75	50,00	1
GS14	14.75	23,00	5
GS15	19.25	29,00	10
GS16	21.25	50,00	6
GS17	14.5	50,00	7
GS18	24.25	50,00	2
GS19	2.0	50,00	7
GS20	5.75	50,00	8
GS21	10.0	35,00	5
GS22	14.5	50,00	1
GS23	19.5	48,00	6
GS24	0.0	0,00	5
GS25	5.25	16,00	2
GS26	10.0	50,00	3
GS27	10.0	34,00	9
GS28	9.0	50,00	10
GS29	7.5	0,00	10
GS30	24.75	11,00	8
GS31	17.0	22,00	7
GS32	19.25	19,00	8
GS33	13.25	34,00	8
GS34	9.0	46,00	5
GS35	5.25	22,00	3
GS36	21.5	50,00	9
GS37	13.25	50,00	8
GS38	13.25	50,00	6
GS39	18.5	50,00	5
GS40	17.0	50,00	9
GS41	5.75	30,00	6
GS42	8.75	3,00	2
GS43	22.5	50,00	6
GS44	9.0	29,00	3
GS45	2.25	27,00	3
GS46	7.75	7,00	3
GS47	22.75	50,00	9
GS48	23.0	50,00	5
GS49	20.75	50,00	4
GS50	4.0	50,00	6
GS51	2.0	50,00	4
GS52	22.75	50,00	2
GS53	10.5	50,00	5
GS54	11.5	3,00	9
GS55	6.25	50,00	5
GS56	16.5	50,00	2
GS57	6.75	50,00	10
GS58	15.75	33,00	3
GS59	3.5	50,00	9
GS60	14.5	50,00	10
GS61	8.0	50,00	9
GS62	9.5	40,00	3
GS63	24.5	44,00	7
GS64	13.0	50,00	1
HS1	12.75	5,00	7
HS2	8.5	50,00	5
HS3	20.5	33,00	3
HS4	6.25	6,00	4
HS5	14.25	45,00	4
HS6	20.5	42,00	6
HS7	8.25	50,00	2
HS8	11.0	0,00	9
HS9	15.0	12,00	5
HS10	23.25	50,00	1
HS11	13.25	44,00	5
HS12	24.5	50,00	4
HS13	24.75	50,00	10
HS14	19.75	4,00	2
HS15	21.75	50,00	9
HS16	1.5	50,00	2
HS17	9.25	24,00	10
HS18	19.0	50,00	5
HS19	17.75	50,00	2
HS20	1.5	9,00	9
HS21	7.75	50,00	9
HS22	6.0	50,00	5
HS23	15.5	50,00	7
HS24	17.25	38,00	8
HS25	0.0	0,00	7
HS26	11.25	24,00	6
HS27	4.25	50,00	7
HS28	5.75	50,00	6
HS29	1.5	50,00	8
HS30	21.5	31,00	9
HS31	9.25	22,00	9
HS32	1.5	32,00	5
HS33	22.0	50,00	9
HS34	8.5	50,00	7
HS35	11.25	14,00	3
HS36	24.75	50,00	5
HS37	3.75	50,00	4
HS38	11.75	50,00	1
HS39	24.25	40,00	3
HS40	17.5	20,00	9
HS41	17.0	50,00	3
HS42	20.0	50,00	7
HS43	13.0	50,00	8
HS44	7.25	6,00	2
HS45	2.75	50,00	8
HS46	22.5	41,00	3
HS47	7.0	50,00	6
HS48	13.0	6,00	3
HS49	12.5	8,00	2
HS50	2.5	50,00	1
HS51	11.25	25,00	1
HS52	7.0	14,00	8
HS53	24.75	50,00	5
HS54	7.5	17,00	5
HS55	13.25	44,00	3
HS56	0.5	50,00	4
HS57	11.0	50,00	1
HS58	7.75	50,00	4
HS59	20.25	40,00	5
HS60	10.0	2,00	2
HS61	11.25	20,00	9
HS62	6.0	18,00	3
HS63	19.5	50,00	9
HS64	5.25	24,00	4
IS1	1.25	38,00	3
IS2	5.5	24,00	2
IS3	21.0	50,00	9
IS4	7.5	50,00	5
IS5	15.5	26,00	6
IS6	3.25	50,00	1
IS7	23.75	37,00	8
IS8	24.0	17,00	4
IS9	13.25	8,00	7
IS10	9.5	9,00	8
IS11	23.0	13,00	9
IS12	9.5	8,00	3
IS13	12.25	40,00	1
IS14	17.25	50,00	8
IS15	17.5	50,00	9
IS16	16.0	12,00	10
IS17	12.25	10,00	7
IS18	22.0	42,00	3
IS19	14.75	48,00	2
IS20	20.75	16,00	5
IS21	5.75	41,00	5
IS22	15.25	15,00	4
IS23	24.5	33,00	10
IS24	5.0	35,00	8
IS25	19.5	31,00	5
IS26	4.0	1,00	7
IS27	6.0	20,00	2
IS28	11.75	11,00	10
IS29	14.5	8,00	3
IS30	16.5	50,00	8
IS31	0.0	0,00	6
IS32	21.75	45,00	8
IS33	17.0	50,00	4
IS34	7.0	50,00	3
IS35	9.25	12,00	7
IS36	21.5	4,00	7
IS37	1.75	30,00	7
IS38	18.25	5,00	6
IS39	5.0	50,00	2
IS40	7.75	50,00	1
IS41	9.75	50,00	3
IS42	6.5	3,00	10
IS43	20.5	50,00	8
IS44	8.75	50,00	5
IS45	0.0	0,00	10
IS46	18.25	50,00	2
IS47	2.75	39,00	8
IS48	23.25	15,00	8
IS49	16.5	21,00	4
IS50	9.75	3,00	2
IS51	12.5	50,00	6
IS52	4.5	16,00	7
IS53	2.75	10,00	9
IS54	4.0	43,00	10
IS55	9.0	50,00	2
IS56	10.5	50,00	4
IS57	0.25	50,00	5
IS58	21.5	50,00	1
IS59	12.5	50,00	5
IS60	18.0	50,00	2
IS61	15.25	21,00	4
IS62	25.0	50,00	5
IS63	11.0	30,00	5
IS64	4.25	50,00	1
JS1	21.75	50,00	4
JS2	20.0	28,00	6
JS3	14.75	50,00	4
JS4	9.75	30,00	6
JS5	23.75	5,00	1
JS6	0.0	0,00	2
JS7	13.0	50,00	8
JS8	16.5	50,00	10
JS9	12.5	10,00	2
JS10	19.0	9,00	10
JS11	11.25	50,00	5
JS12	1.75	18,00	3
JS13	10.5	50,00	10
JS14	17.5	28,00	5
JS15	19.75	50,00	10
JS16	5.5	50,00	9
JS17	19.5	46,00	9
JS18	7.5	50,00	3
JS19	7.5	9,00	2
JS20	19.75	50,00	6
JS21	15.0	43,00	8
JS22	16.75	13,00	3
JS23	24.0	50,00	5
JS24	22.0	29,00	3
JS25	22.25	45,00	8
JS26	22.75	50,00	5
JS27	14.5	50,00	1
JS28	2.25	12,00	9
JS29	25.0	50,00	1
JS30	17.5	50,00	1
JS31	24.5	50,00	2
JS32	20.75	50,00	7
JS33	16.25	50,00	4
JS34	18.25	43,00	2
JS35	22.0	49,00	5
JS36	14.5	50,00	6
JS37	17.25	50,00	5
JS38	7.5	50,00	6
JS39	0.5	43,00	1
JS40	2.25	50,00	3
JS41	3.0	50,00	5
JS42	19.5	50,00	3
JS43	10.75	45,00	6
JS44	3.25	50,00	8
JS45	18.0	50,00	2
JS46	6.5	34,00	7
JS47	8.0	30,00	7
JS48	6.25	22,00	6
JS49	14.75	50,00	3
JS50	10.0	50,00	1
JS51	17.0	49,00	4
JS52	2.0	50,00	5
JS53	9.75	22,00	8
JS54	9.25	50,00	7
JS55	12.25	50,00	6
JS56	6.0	50,00	5
JS57	0.0	0,00	9
JS58	8.75	12,00	4
JS59	21.75	50,00	8
JS60	9.25	50,00	3
JS61	22.0	50,00	8
JS62	16.75	36,00	2
JS63	6.75	19,00	4
JS64	18.25	50,00	3
KS1	17.5	50,00	5
KS2	19.75	50,00	1
KS3	12.75	50,00	3
KS4	5.0	50,00	3
KS5	20.25	50,00	6
KS6	15.5	50,00	8
KS7	25.0	2,00	7
KS8	14.75	49,00	4
KS9	20.5	50,00	8
KS10	21.25	50,00	9
KS11	8.0	26,00	10
KS12	1.25	50,00	1
KS13	16.25	50,00	7
KS14	3.0	50,00	7
KS15	0.0	0,00	6
KS16	7.75	50,00	4
KS17	16.5	10,00	10
KS18	21.0	50,00	2
KS19	0.0	0,00	2
KS20	20.0	1,00	3
KS21	2.5	43,00	2
KS22	7.5	7,00	6
KS23	0.25	50,00	2
KS24	13.0	16,00	7
KS25	5.75	36,00	6
KS26	0.75	15,00	9
KS27	20.0	45,00	10
KS28	10.5	27,00	10
KS29	20.25	1,00	7
KS30	12.5	40,00	6
KS31	3.5	50,00	7
KS32	21.0	50,00	5
KS33	7.0	50,00	6
KS34	15.25	48,00	9
KS35	20.0	50,00	2
KS36	13.25	50,00	4
KS37	2.0	50,00	9
KS38	21.5	50,00	3
KS39	21.25	0,00	8
KS40	23.5	21,00	8
KS41	23.0	50,00	8
KS42	10.75	50,00	8
KS43	10.75	46,00	4
KS44	17.75	50,00	10
KS45	12.75	50,00	5
KS46	10.0	26,00	9
KS47	9.25	50,00	1
KS48	7.5	25,00	4
KS49	13.0	13,00	2
KS50	10.75	50,00	2
KS51	17.25	16,00	5
KS52	10.5	43,00	10
KS53	14.25	50,00	2
KS54	16.25	38,00	8
KS55	3.0	50,00	7
KS56	1.75	50,00	1
KS57	9.0	50,00	4
KS58	24.0	50,00	5
KS59	20.25	13,00	2
KS60	20.5	19,00	6
KS61	16.0	36,00	3
KS62	24.75	37,00	8
KS63	6.75	18,00	2
KS64	7.0	5,00	8
LS1	12.0	50,00	6
LS2	8.75	35,00	2
LS3	15.75	50,00	5
LS4	24.0	39,00	6
LS5	2.0	50,00	2
LS6	9.5	7,00	6
LS7	10.0	50,00	1
LS8	23.0	42,00	6
LS9	10.0	50,00	10
LS10	12.75	9,00	2
LS11	21.25	0,00	6
LS12	2.0	50,00	2
LS13	6.5	0,00	7
LS14	5.5	30,00	8
LS15	0.0	0,00	4
LS16	22.5	17,00	4
LS17	23.0	50,00	5
LS18	7.25	8,00	7
LS19	19.25	50,00	3
LS20	24.5	50,00	7
LS21	12.75	32,00	1
LS22	10.25	12,00	1
LS23	6.25	37,00	10
LS24	24.0	50,00	9
LS25	0.5	50,00	1
LS26	0.25	50,00	8
LS27	11.25	50,00	9
LS28	17.25	32,00	9
LS29	18.25	50,00	3
LS30	20.5	15,00	3
LS31	4.5	50,00	5
LS32	17.5	50,00	7
LS33	16.25	50,00	10
LS34	8.5	50,00	8
LS35	4.5	50,00	7
LS36	23.5	50,00	3
LS37	23.0	20,00	3
LS38	20.0	50,00	8
LS39	9.5	50,00	1
LS40	17.5	50,00	2
LS41	21.0	39,00	3
LS42	9.5	41,00	5
LS43	18.0	29,00	1
LS44	4.75	50,00	7
LS45	19.5	50,00	6
LS46	14.25	50,00	2
LS47	16.0	48,00	5
LS48	3.0	50,00	9
LS49	12.25	50,00	2
LS50	19.25	50,00	5
LS51	20.0	14,00	10
LS52	2.5	50,00	3
LS53	9.75	16,00	2
LS54	7.75	50,00	6
LS55	8.5	50,00	6
LS56	9.75	50,00	4
LS57	20.5	40,00	9
LS58	23.75	20,00	6
LS59	21.75	50,00	5
LS60	18.5	50,00	4
LS61	9.25	50,00	10
LS62	13.0	50,00	9
LS63	10.25	50,00	2
LS64	22.25	50,00	6
MS1	3.25	50,00	5
MS2	4.5	50,00	5
MS3	22.75	50,00	4
MS4	1.75	15,00	4
MS5	4.0	6,00	3
MS6	0.0	0,00	8
MS7	4.5	12,00	2
MS8	13.5	32,00	10
MS9	17.5	50,00	2
MS10	19.25	15,00	3
MS11	20.25	50,00	5
MS12	7.5	50,00	10
MS13	11.25	6,00	1
MS14	9.0	50,00	8
MS15	12.25	31,00	2
MS16	0.0	0,00	2
MS17	13.75	8,00	9
MS18	12.25	50,00	3
MS19	23.0	50,00	10
MS20	5.75	42,00	2
MS21	13.5	50,00	1
MS22	24.0	17,00	9
MS23	18.5	50,00	7
MS24	16.25	32,00	6
MS25	17.75	50,00	8
MS26	12.25	50,00	4
MS27	10.0	50,00	3
MS28	16.5	50,00	3
MS29	12.0	50,00	2
MS30	18.75	46,00	7
MS31	24.0	9,00	10
MS32	16.0	50,00	10
MS33	6.25	3,00	8
MS34	23.0	50,00	5
MS35	18.0	50,00	6
MS36	13.25	13,00	6
MS37	5.5	50,00	5
MS38	11.0	15,00	7
MS39	22.25	16,00	3
MS40	18.25	50,00	5
MS41	22.25	50,00	5
MS42	1.0	50,00	6
MS43	7.5	50,00	10
MS44	9.75	50,00	9
MS45	23.75	50,00	1
MS46	20.75	50,00	2
MS47	19.5	50,00	8
MS48	15.5	23,00	6
MS49	4.75	6,00	2
MS50	20.25	50,00	4
MS51	5.5	19,00	3
MS52	4.25	50,00	4
MS53	12.5	48,00	3
MS54	6.75	50,00	6
MS55	8.5	24,00	9
MS56	1.25	34,00	8
MS57	18.25	30,00	2
MS58	21.5	50,00	5
MS59	14.0	23,00	5
MS60	15.5	31,00	7
MS61	13.0	50,00	1
MS62	17.5	50,00	4
MS63	25.0	50,00	3
MS64	21.5	50,00	7
NS1	11.75	12,00	2
NS2	14.75	4,00	6
NS3	13.5	28,00	4
NS4	17.25	50,00	4
NS5	18.0	14,00	3
NS6	16.0	50,00	5
NS7	13.0	30,00	9
NS8	17.5	48,00	3
NS9	12.25	50,00	6
NS10	23.0	27,00	5
NS11	20.25	50,00	8
NS12	20.5	50,00	3
NS13	7.75	7,00	3
NS14	1.75	50,00	3
NS15	15.25	50,00	8
NS16	7.5	4,00	4
NS17	16.0	50,00	9
NS18	10.25	50,00	2
NS19	9.25	50,00	5
NS20	21.75	27,00	2
NS21	17.0	50,00	7
NS22	2.5	50,00	9
NS23	23.25	21,00	4
NS24	7.25	35,00	8
NS25	19.75	5,00	4
NS26	9.75	44,00	5
NS27	3.75	23,00	5
NS28	4.75	50,00	10
NS29	17.25	50,00	10
NS30	21.5	50,00	4
NS31	20.5	50,00	2
NS32	23.25	45,00	3
NS33	22.5	50,00	8
NS34	24.75	45,00	5
NS35	25.0	50,00	5
NS36	1.25	25,00	3
NS37	7.25	41,00	6
NS38	0.5	50,00	9
NS39	14.0	50,00	2
NS40	13.0	11,00	6
NS41	20.75	50,00	9
NS42	2.75	10,00	7
NS43	17.25	50,00	10
NS44	8.25	14,00	5
NS45	6.25	9,00	7
NS46	23.75	36,00	5
NS47	0.0	0,00	8
NS48	3.75	12,00	4
NS49	20.25	3,00	7
NS50	4.0	38,00	2
NS51	11.25	50,00	3
NS52	9.5	11,00	9
NS53	4.75	47,00	2
NS54	4.75	50,00	5
NS55	21.75	29,00	10
NS56	24.25	50,00	2
NS57	23.0	50,00	8
NS58	13.5	50,00	5
NS59	18.25	24,00	3
NS60	8.75	50,00	2
NS61	8.75	50,00	8
NS62	24.0	50,00	6
NS63	0.5	50,00	5
NS64	8.25	27,00	5
OS1	24.5	50,00	5
OS2	15.25	50,00	3
OS3	9.5	50,00	6
OS4	8.5	50,00	8
OS5	14.75	43,00	7
OS6	23.0	50,00	8
OS7	17.75	40,00	7
OS8	13.5	13,00	5
OS9	18.0	50,00	6
OS10	14.75	50,00	8
OS11	14.5	50,00	9
OS12	6.25	50,00	1
OS13	17.75	50,00	10
OS14	3.5	50,00	8
OS15	6.5	50,00	8
OS16	18.5	43,00	2
OS17	4.5	50,00	5
OS18	7.0	50,00	4
OS19	0.5	7,00	1
OS20	5.25	27,00	7
OS21	0.5	50,00	4
OS22	7.0	19,00	2
OS23	23.5	14,00	7
OS24	9.5	7,00	6
OS25	15.75	50,00	2
OS26	0.5	50,00	7
OS27	5.0	50,00	4
OS28	21.5	50,00	2
OS29	17.75	50,00	6
OS30	5.75	50,00	9
OS31	24.75	50,00	3
OS32	12.5	24,00	5
OS33	12.0	8,00	4
OS34	24.5	50,00	2
OS35	22.75	2,00	8
OS36	23.25	50,00	4
OS37	12.25	32,00	2
OS38	21.25	33,00	5
OS39	22.25	24,00	2
OS40	7.5	33,00	9
OS41	0.25	50,00	5
OS42	17.5	50,00	7
OS43	5.25	50,00	3
OS44	23.0	21,00	9
OS45	16.25	50,00	5
OS46	13.0	34,00	2
OS47	12.25	9,00	9
OS48	2.75	18,00	4
OS49	21.25	50,00	6
OS50	17.25	50,00	6
OS51	14.5	1,00	1
OS52	19.25	50,00	8
OS53	8.5	50,00	4
OS54	14.0	50,00	4
OS55	13.0	50,00	3
OS56	15.75	50,00	4
OS57	13.75	50,00	1
OS58	7.0	1,00	3
OS59	21.25	50,00	6
OS60	20.25	22,00	5
OS61	19.0	31,00	1
OS62	20.75	50,00	2
OS63	13.0	24,00	2
OS64	23.0	5,00	6
PS1	17.5	17,00	7
PS2	2.0	6,00	1
PS3	4.5	6,00	5
PS4	11.5	27,00	3
PS5	15.5	50,00	8
PS6	1.75	50,00	7
PS7	12.5	42,00	2
PS8	18.5	12,00	8
PS9	9.0	39,00	9
PS10	22.0	50,00	4
PS11	9.75	50,00	6
PS12	10.0	50,00	4
PS13	3.25	50,00	2
PS14	18.25	50,00	8
PS15	11.75	48,00	5
PS16	1.5	40,00	5
PS17	23.0	50,00	8
PS18	16.5	9,00	4
PS19	1.0	50,00	3
PS20	4.25	50,00	4
PS21	4.0	40,00	8
PS22	7.25	50,00	7
PS23	23.25	7,00	5
PS24	21.25	20,00	7
PS25	8.75	50,00	5
PS26	4.0	50,00	8
PS27	9.5	50,00	5
PS28	12.5	50,00	3
PS29	11.0	50,00	7
PS30	15.0	48,00	9
PS31	22.0	50,00	7
PS32	12.75	50,00	3
PS33	22.5	5,00	7
PS34	4.25	50,00	7
PS35	24.0	50,00	2
PS36	20.0	50,00	4
PS37	2.5	50,00	2
PS38	9.0	50,00	9
PS39	24.0	50,00	6
PS40	14.75	48,00	7
PS41	6.25	50,00	4
PS42	9.5	13,00	5
PS43	9.0	50,00	9
PS44	12.0	22,00	7
PS45	15.25	50,00	7
PS46	0.75	50,00	2
PS47	17.5	50,00	9
PS48	13.75	29,00	7
PS49	0.0	0,00	8
PS50	16.5	50,00	3
PS51	17.0	50,00	10
PS52	6.25	40,00	5
PS53	4.75	50,00	6
PS54	19.25	50,00	8
PS55	2.0	49,00	4
PS56	19.75	50,00	9
PS57	23.0	50,00	6
PS58	21.75	50,00	4
PS59	10.75	10,00	6
PS60	12.0	18,00	9
PS61	3.0	12,00	5
PS62	0.0	0,00	2
PS63	22.25	50,00	7
PS64	6.0	50,00	2
QS1	1.25	50,00	7
QS2	18.5	35,00	10
QS3	1.0	27,00	7
QS4	1.5	45,00	8
QS5	13.0	9,00	5
QS6	0.75	14,00	4
QS7	10.25	50,00	9
QS8	1.5	50,00	5
QS9	7.0	50,00	1
QS10	10.25	50,00	2
QS11	7.5	50,00	9
QS12	20.0	50,00	10
QS13	12.5	50,00	5
QS14	10.5	50,00	1
QS15	18.25	47,00	5
QS16	12.0	27,00	6
QS17	4.5	50,00	9
QS18	13.25	50,00	3
QS19	5.25	50,00	8
QS20	21.25	50,00	9
QS21	24.5	50,00	9
QS22	10.5	13,00	8
QS23	10.25	50,00	8
QS24	15.5	37,00	9
QS25	16.75	50,00	1
QS26	3.5	1,00	10
QS27	4.5	50,00	9
QS28	22.0	1,00	2
QS29	5.75	50,00	7
QS30	10.25	8,00	4
QS31	11.5	50,00	7
QS32	24.0	50,00	5
QS33	20.5	12,00	2
QS34	20.0	50,00	5
QS35	15.75	42,00	8
QS36	3.75	50,00	6
QS37	4.5	50,00	1
QS38	6.0	50,00	7
QS39	20.0	50,00	2
QS40	20.25	2,00	5
QS41	16.5	9,00	9
QS42	9.0	30,00	3
QS43	3.5	50,00	1
QS44	9.75	32,00	2
QS45	24.5	50,00	6
QS46	24.5	20,00	9
QS47	18.0	24,00	5
QS48	17.5	50,00	2
QS49	24.75	50,00	9
QS50	20.25	50,00	9
QS51	3.0	43,00	10
QS52	6.75	47,00	1
QS53	5.5	11,00	5
QS54	6.0	29,00	1
QS55	23.0	50,00	10
QS56	24.25	47,00	8
QS57	7.75	50,00	2
QS58	18.0	50,00	7
QS59	8.0	31,00	5
QS60	0.25	31,00	9
QS61	5.0	45,00	9
QS62	11.75	41,00	2
QS63	5.75	32,00	4
QS64	13.75	50,00	8
RS1	17.75	50,00	2
RS2	8.25	50,00	4
RS3	17.0	1,00	1
RS4	7.0	28,00	3
RS5	16.25	17,00	9
RS6	12.5	50,00	1
RS7	2.25	14,00	8
RS8	25.0	38,00	9
RS9	0.75	6,00	8
RS10	11.25	31,00	4
RS11	15.0	50,00	9
RS12	7.5	3,00	10
RS13	0.75	50,00	6
RS14	9.75	50,00	2
RS15	7.25	50,00	7
RS16	5.25	21,00	2
RS17	19.75	50,00	5
RS18	9.75	50,00	7
RS19	7.75	35,00	10
RS20	3.0	16,00	1
RS21	12.0	39,00	10
RS22	11.75	50,00	5
RS23	16.0	31,00	6
RS24	5.25	50,00	3
RS25	17.25	50,00	3
RS26	24.75	26,00	10
RS27	3.75	2,00	6
RS28	5.0	50,00	2
RS29	16.75	1,00	7
RS30	23.5	14,00	3
RS31	14.0	11,00	4
RS32	6.5	50,00	8
RS33	15.0	50,00	9
RS34	3.0	50,00	8
RS35	18.0	50,00	4
RS36	23.25	26,00	9
RS37	10.5	50,00	3
RS38	12.5	50,00	6
RS39	19.75	49,00	2
RS40	21.75	50,00	9
RS41	11.5	6,00	6
RS42	12.25	12,00	9
RS43	11.0	5,00	8
RS44	16.0	17,00	8
RS45	20.5	38,00	6
RS46	23.25	50,00	4
RS47	14.75	48,00	1
RS48	16.5	49,00	4
RS49	9.25	43,00	8
RS50	10.25	50,00	2
RS51	23.25	14,00	3
RS52	7.5	16,00	2
RS53	24.5	21,00	10
RS54	12.0	50,00	7
RS55	6.0	50,00	8
RS56	1.5	50,00	6
RS57	22.75	50,00	8
RS58	23.5	50,00	5
RS59	1.5	42,00	5
RS60	21.25	50,00	9
RS61	22.25	50,00	7
RS62	14.0	50,00	5
RS63	17.5	50,00	9
RS64	8.0	50,00	7
SS1	10.0	50,00	2
SS2	17.25	50,00	8
SS3	19.75	50,00	6
SS4	24.0	20,00	2
SS5	24.0	50,00	3
SS6	1.75	50,00	5
SS7	17.25	40,00	5
SS8	7.75	24,00	5
SS9	18.25	50,00	10
SS10	24.75	50,00	6
SS11	1.75	50,00	3
SS12	17.75	50,00	3
SS13	3.0	50,00	6
SS14	10.5	27,00	1
SS15	14.75	50,00	6
SS16	2.5	50,00	9
SS17	19.75	50,00	9
SS18	9.0	42,00	4
SS19	11.5	50,00	1
SS20	6.25	50,00	3
SS21	18.25	50,00	4
SS22	23.5	28,00	7
SS23	23.0	50,00	4
SS24	8.75	50,00	8
SS25	20.0	32,00	6
SS26	10.25	45,00	3
SS27	4.0	50,00	9
SS28	19.5	50,00	6
SS29	10.75	16,00	2
SS30	9.0	50,00	3
SS31	6.5	50,00	6
SS32	21.0	39,00	4
SS33	1.75	50,00	1
SS34	14.25	48,00	6
SS35	17.0	35,00	2
SS36	1.0	50,00	9
SS37	23.25	15,00	3
SS38	14.25	20,00	10
SS39	23.0	50,00	7
SS40	20.25	5,00	7
SS41	21.75	35,00	7
SS42	10.5	40,00	7
SS43	7.5	50,00	6
SS44	11.75	50,00	3
SS45	6.5	11,00	7
SS46	16.75	50,00	9
SS47	17.5	29,00	5
SS48	23.5	50,00	8
SS49	11.0	14,00	6
SS50	11.5	50,00	8
SS51	2.75	16,00	1
SS52	12.75	50,00	3
SS53	23.25	50,00	8
SS54	5.25	50,00	3
SS55	13.25	0,00	10
SS56	0.5	49,00	4
SS57	13.25	33,00	5
SS58	11.0	23,00	6
SS59	5.5	16,00	6
SS60	20.0	8,00	8
SS61	2.75	50,00	3
SS62	1.75	24,00	8
SS63	22.0	18,00	2
SS64	21.5	19,00	9
TS1	20.0	50,00	3
TS2	20.5	38,00	4
TS3	10.25	35,00	9
TS4	7.0	50,00	8
TS5	18.0	34,00	10
TS6	7.75	50,00	7
TS7	3.75	50,00	1
TS8	16.5	50,00	2
TS9	22.75	50,00	7
TS10	21.0	27,00	6
TS11	9.75	2,00	9
TS12	7.5	50,00	2
TS13	2.25	50,00	2
TS14	0.5	19,00	2
TS15	13.5	9,00	3
TS16	5.0	32,00	5
TS17	10.0	44,00	1
TS18	7.0	50,00	8
TS19	10.0	4,00	6
TS20	11.5	50,00	6
TS21	14.5	31,00	7
TS22	1.0	50,00	2
TS23	24.25	50,00	5
TS24	13.5	9,00	6
TS25	12.75	50,00	7
TS26	0.75	50,00	9
TS27	20.75	50,00	4
TS28	14.25	6,00	1
TS29	4.0	9,00	2
TS30	22.0	31,00	5
TS31	5.0	43,00	4
TS32	19.0	50,00	3
TS33	11.0	50,00	9
TS34	19.5	38,00	4
TS35	24.25	37,00	5
TS36	2.0	17,00	2
TS37	3.5	33,00	5
TS38	10.5	50,00	9
TS39	4.5	50,00	7
TS40	8.25	29,00	3
TS41	23.0	40,00	3
TS42	16.25	50,00	7
TS43	8.5	50,00	6
TS44	22.75	24,00	4
TS45	8.75	23,00	9
TS46	6.25	50,00	7
TS47	1.5	42,00	5
TS48	0.75	36,00	3
TS49	0.75	19,00	8
TS50	16.5	43,00	5
TS51	0.5	50,00	6
TS52	8.75	41,00	9
TS53	7.75	50,00	2
TS54	11.0	50,00	2
TS55	20.75	28,00	5
TS56	8.5	50,00	5
TS57	14.0	50,00	9
TS58	0.75	50,00	1
TS59	19.25	50,00	5
TS60	16.0	50,00	2
TS61	17.0	9,00	10
TS62	9.0	50,00	8
TS63	1.75	6,00	6
TS64	21.25	50,00	3
US1	7.5	6,00	1
US2	0.75	36,00	3
US3	6.25	50,00	5
US4	8.5	23,00	3
US5	11.75	23,00	3
US6	21.0	50,00	2
US7	15.0	50,00	4
US8	4.75	5,00	2
US9	7.75	50,00	7
US10	18.0	1,00	5
US11	11.25	3,00	9
US12	13.0	50,00	1
US13	3.5	50,00	3
US14	14.5	20,00	1
US15	21.75	50,00	9
US16	9.5	12,00	9
US17	20.5	27,00	3
US18	19.25	38,00	4
US19	23.25	50,00	7
US20	13.75	50,00	2
US21	14.5	5,00	1
US22	21.5	21,00	5
US23	6.0	50,00	7
US24	17.0	17,00	4
US25	7.0	50,00	3
US26	9.25	33,00	8
US27	19.5	3,00	6
US28	20.25	17,00	2
US29	7.25	49,00	5
US30	19.5	20,00	4
US31	24.25	42,00	4
US32	6.25	50,00	1
US33	1.25	47,00	4
US34	18.0	50,00	6
US35	9.25	50,00	9
US36	20.25	50,00	10
US37	16.0	50,00	9
US38	15.5	50,00	4
US39	22.5	50,00	2
US40	10.25	50,00	4
US41	8.0	50,00	7
US42	16.25	50,00	4
US43	1.5	27,00	1
US44	10.0	19,00	3
US45	21.5	5,00	2
US46	2.25	16,00	6
US47	18.25	50,00	4
US48	1.5	50,00	2
US49	10.0	50,00	6
US50	14.25	50,00	8
US51	17.25	50,00	1
US52	2.25	21,00	5
US53	24.25	20,00	10
US54	14.0	19,00	6
US55	2.0	50,00	3
US56	17.0	34,00	7
US57	18.5	24,00	6
US58	12.25	50,00	8
US59	9.25	50,00	7
US60	17.5	20,00	6
US61	2.5	50,00	1
US62	11.0	17,00	9
US63	17.0	3,00	7
US64	25.0	46,00	4
VS1	24.25	50,00	7
VS2	24.75	50,00	5
VS3	1.0	50,00	1
VS4	18.5	35,00	9
VS5	20.0	37,00	7
VS6	11.0	50,00	8
VS7	16.5	50,00	4
VS8	3.0	50,00	2
VS9	20.25	50,00	7
VS10	9.5	50,00	10
VS11	17.25	39,00	9
VS12	12.25	50,00	9
VS13	3.0	50,00	10
VS14	8.25	24,00	2
VS15	12.25	9,00	3
VS16	22.75	50,00	7
VS17	0.25	45,00	6
VS18	9.0	50,00	9
VS19	3.5	4,00	6
VS20	11.25	44,00	3
VS21	20.75	20,00	8
VS22	9.0	6,00	4
VS23	7.5	12,00	2
VS24	15.5	24,00	4
VS25	9.0	46,00	7
VS26	0.25	50,00	9
VS27	1.75	50,00	4
VS28	14.5	42,00	6
VS29	21.75	41,00	3
VS30	13.75	45,00	4
VS31	8.75	41,00	4
VS32	9.5	43,00	9
VS33	8.25	11,00	6
VS34	19.5	19,00	2
VS35	9.5	47,00	2
VS36	20.0	50,00	9
VS37	24.75	35,00	3
VS38	10.75	50,00	8
VS39	2.0	50,00	7
VS40	22.75	50,00	9
VS41	6.75	44,00	3
VS42	24.0	50,00	3
VS43	5.0	24,00	8
VS44	10.25	50,00	7
VS45	4.25	36,00	4
VS46	2.5	7,00	9
VS47	1.75	50,00	4
VS48	8.5	50,00	7
VS49	0.0	0,00	2
VS50	17.75	50,00	2
VS51	4.25	50,00	1
VS52	12.75	45,00	5
VS53	4.0	48,00	5
VS54	11.25	43,00	8
VS55	13.75	30,00	9
VS56	12.5	50,00	1
VS57	1.25	37,00	2
VS58	17.5	47,00	2
VS59	19.75	50,00	8
VS60	11.5	50,00	6
VS61	11.0	42,00	4
VS62	1.25	50,00	8
VS63	13.5	50,00	6
VS64	15.25	50,00	8
WS1	6.0	48,00	6
WS2	20.5	23,00	7
WS3	21.5	50,00	10
WS4	4.5	50,00	10
WS5	5.0	2,00	9
WS6	4.0	33,00	7
WS7	19.75	3,00	4
WS8	9.0	50,00	5
WS9	4.0	50,00	8
WS10	16.25	8,00	6
WS11	11.5	6,00	9
WS12	16.0	16,00	3
WS13	9.75	19,00	6
WS14	14.75	50,00	3
WS15	21.25	50,00	6
WS16	0.75	50,00	5
WS17	16.75	50,00	5
WS18	14.0	50,00	10
WS19	22.0	0,00	6
WS20	21.75	50,00	2
WS21	19.0	50,00	10
WS22	15.0	50,00	9
WS23	3.0	50,00	2
WS24	20.25	25,00	8
WS25	16.25	50,00	3
WS26	16.0	50,00	10
WS27	12.5	50,00	9
WS28	10.5	50,00	6
WS29	10.75	50,00	2
WS30	24.25	11,00	4
WS31	20.0	50,00	9
WS32	15.0	2,00	4
WS33	13.0	15,00	7
WS34	21.75	12,00	5
WS35	13.0	50,00	1
WS36	0.5	20,00	7
WS37	14.5	50,00	4
WS38	23.75	26,00	1
WS39	19.25	50,00	8
WS40	3.5	50,00	2
WS41	9.0	44,00	9
WS42	6.0	50,00	7
WS43	1.0	50,00	2
WS44	25.0	50,00	7
WS45	2.75	50,00	10
WS46	18.25	50,00	5
WS47	4.0	40,00	1
WS48	24.5	50,00	10
WS49	10.0	7,00	2
WS50	15.5	50,00	6
WS51	22.5	50,00	8
WS52	9.25	50,00	4
WS53	12.5	46,00	3
WS54	13.75	50,00	3
WS55	1.0	5,00	9
WS56	15.25	50,00	5
WS57	13.0	50,00	10
WS58	17.0	50,00	8
WS59	4.0	50,00	7
WS60	4.0	45,00	8
WS61	4.0	50,00	3
WS62	19.5	50,00	8
WS63	6.5	15,00	4
WS64	4.0	50,00	4
XS1	23.25	50,00	3
XS2	5.75	50,00	8
XS3	12.5	50,00	7
XS4	1.5	34,00	10
XS5	23.5	12,00	8
XS6	9.5	18,00	2
XS7	16.75	50,00	8
XS8	1.0	28,00	5
XS9	24.0	50,00	6
XS10	14.5	50,00	3
XS11	8.75	37,00	8
XS12	7.5	50,00	8
XS13	17.0	21,00	9
XS14	18.75	50,00	9
XS15	5.5	11,00	9
XS16	15.5	50,00	6
XS17	24.0	50,00	10
XS18	24.5	0,00	8
XS19	0.0	0,00	2
XS20	21.0	50,00	4
XS21	1.25	50,00	2
XS22	17.5	27,00	9
XS23	12.25	10,00	8
XS24	20.75	50,00	3
XS25	13.0	34,00	4
XS26	3.75	50,00	2
XS27	23.0	14,00	5
XS28	22.75	29,00	1
XS29	21.0	48,00	9
XS30	4.75	17,00	5
XS31	17.0	50,00	7
XS32	8.0	18,00	7
XS33	16.0	50,00	7
XS34	12.25	50,00	4
XS35	17.25	12,00	8
XS36	11.75	43,00	2
XS37	12.0	26,00	5
XS38	3.25	31,00	9
XS39	8.25	8,00	10
XS40	12.5	30,00	7
XS41	8.0	3,00	2
XS42	10.5	12,00	2
XS43	20.75	16,00	8
XS44	9.5	50,00	3
XS45	19.25	50,00	1
XS46	2.0	43,00	7
XS47	2.75	50,00	3
XS48	11.0	50,00	8
XS49	2.0	50,00	3
XS50	24.75	40,00	9
XS51	25.0	50,00	9
XS52	3.0	50,00	2
XS53	17.25	37,00	6
XS54	24.5	11,00	5
XS55	9.25	50,00	7
XS56	19.75	43,00	3
XS57	2.5	40,00	5
XS58	19.0	50,00	8
XS59	10.75	17,00	4
XS60	9.5	50,00	8
XS61	24.5	50,00	5
XS62	3.0	50,00	8
XS63	14.25	20,00	1
XS64	23.5	39,00	2
YS1	23.5	50,00	8
YS2	14.0	44,00	2
YS3	19.75	50,00	8
YS4	1.75	42,00	7
YS5	21.25	50,00	10
YS6	23.75	23,00	6
YS7	12.75	39,00	7
YS8	5.0	50,00	4
YS9	8.75	28,00	10
YS10	12.0	13,00	8
YS11	14.0	50,00	4
YS12	6.75	50,00	4
YS13	23.0	27,00	6
YS14	10.0	32,00	6
YS15	3.25	50,00	9
YS16	16.75	5,00	3
YS17	9.25	50,00	1
YS18	9.5	28,00	7
YS19	19.0	50,00	2
YS20	8.5	50,00	6
YS21	10.75	37,00	9
YS22	0.5	8,00	2
YS23	7.25	50,00	3
YS24	0.75	9,00	5
YS25	17.75	50,00	2
YS26	20.0	50,00	5
YS27	15.75	20,00	6
YS28	6.25	8,00	7
YS29	2.5	38,00	4
YS30	21.75	50,00	5
YS31	16.75	50,00	9
YS32	14.25	36,00	7
YS33	5.0	50,00	5
YS34	21.75	50,00	9
YS35	12.25	50,00	7
YS36	17.25	22,00	5
YS37	7.25	50,00	8
YS38	23.75	50,00	2
YS39	22.5	24,00	7
YS40	0.75	50,00	4
YS41	24.75	25,00	2
YS42	19.0	50,00	9
YS43	0.75	12,00	7
YS44	15.5	27,00	6
YS45	9.0	4,00	9
YS46	0.5	47,00	4
YS47	9.75	50,00	2
YS48	5.75	26,00	4
YS49	7.75	50,00	7
YS50	17.25	6,00	5
YS51	16.5	34,00	10
YS52	10.75	36,00	10
YS53	10.5	30,00	3
YS54	15.25	50,00	5
YS55	15.25	50,00	5
YS56	9.0	5,00	8
YS57	12.0	50,00	9
YS58	15.0	50,00	4
YS59	14.5	50,00	6
YS60	15.75	50,00	6
YS61	17.0	50,00	10
YS62	15.5	50,00	7
YS63	16.5	50,00	3
YS64	14.75	50,00	3
ZS1	3.5	50,00	7
ZS2	23.0	48,00	7
ZS3	24.25	50,00	6
ZS4	19.75	50,00	4
ZS5	5.5	31,00	10
ZS6	4.75	45,00	3
ZS7	9.75	5,00	2
ZS8	7.0	47,00	3
ZS9	25.0	50,00	9
ZS10	2.0	50,00	1
ZS11	5.0	50,00	7
ZS12	11.5	50,00	3
ZS13	2.0	50,00	9
ZS14	11.5	16,00	5
ZS15	15.25	46,00	9
ZS16	0.25	11,00	8
ZS17	16.25	33,00	9
ZS18	20.75	3,00	7
ZS19	3.0	50,00	3
ZS20	22.5	50,00	1
ZS21	13.25	43,00	1
ZS22	6.25	47,00	4
ZS23	22.5	31,00	4
ZS24	3.25	50,00	4
ZS25	2.25	50,00	7
ZS26	5.25	46,00	4
ZS27	17.25	23,00	2
ZS28	23.0	50,00	5
ZS29	6.5	12,00	2
ZS30	4.5	12,00	4
ZS31	1.75	13,00	6
ZS32	13.25	27,00	3
ZS33	4.75	26,00	6
ZS34	25.0	50,00	8
ZS35	15.0	20,00	3
ZS36	10.0	15,00	3
ZS37	24.0	48,00	6
ZS38	10.75	48,00	10
ZS39	15.25	50,00	8
ZS40	0.5	14,00	4
ZS41	0.5	4,00	8
ZS42	23.75	50,00	9
ZS43	19.25	24,00	5
ZS44	2.75	50,00	3
ZS45	2.25	28,00	3
ZS46	6.75	50,00	10
ZS47	5.25	22,00	6
ZS48	9.25	50,00	3
ZS49	24.25	49,00	7
ZS50	24.5	50,00	3
ZS51	12.25	13,00	9
ZS52	20.25	50,00	7
ZS53	5.5	50,00	10
ZS54	4.5	21,00	4
ZS55	12.25	5,00	10
ZS56	20.5	50,00	9
ZS57	24.0	50,00	7
ZS58	8.25	50,00	9
ZS59	2.0	30,00	3
ZS60	23.0	50,00	6
ZS61	24.5	42,00	7
ZS62	23.25	50,00	6
ZS63	13.25	50,00	9
ZS64	18.25	50,00	3
AAS1	7.25	1,00	7
AAS2	5.5	29,00	10
AAS3	24.75	50,00	2
AAS4	6.25	11,00	5
AAS5	16.5	32,00	7
AAS6	3.25	50,00	7
AAS7	15.75	50,00	6
AAS8	20.5	50,00	8
AAS9	21.0	50,00	3
AAS10	14.0	50,00	7
AAS11	17.25	50,00	8
AAS12	11.0	50,00	8
AAS13	1.0	50,00	4
AAS14	5.0	30,00	10
AAS15	15.5	11,00	7
AAS16	20.75	31,00	7
AAS17	13.25	38,00	4
AAS18	18.25	50,00	2
AAS19	3.25	1,00	6
AAS20	3.0	12,00	5
AAS21	17.75	50,00	4
AAS22	11.25	50,00	9
AAS23	11.75	22,00	3
AAS24	19.5	30,00	4
AAS25	14.5	50,00	4
AAS26	13.0	36,00	8
AAS27	7.25	50,00	3
AAS28	3.75	50,00	2
AAS29	4.25	50,00	6
AAS30	0.25	13,00	2
AAS31	4.25	50,00	6
AAS32	3.75	50,00	9
AAS33	20.25	50,00	8
AAS34	19.25	25,00	6
AAS35	2.75	3,00	5
AAS36	3.25	13,00	7
AAS37	16.25	21,00	8
AAS38	20.0	4,00	9
AAS39	0.5	5,00	8
AAS40	15.25	28,00	5
AAS41	21.75	50,00	8
AAS42	4.75	50,00	8
AAS43	1.0	50,00	5
AAS44	6.0	50,00	5
AAS45	24.5	50,00	6
AAS46	11.5	9,00	1
AAS47	21.25	50,00	7
AAS48	1.75	31,00	10
AAS49	9.25	50,00	8
AAS50	11.25	50,00	5
AAS51	20.25	50,00	3
AAS52	4.0	32,00	4
AAS53	6.75	50,00	9
AAS54	9.25	50,00	2
AAS55	18.0	1,00	6
AAS56	8.75	12,00	9
AAS57	6.25	50,00	7
AAS58	15.5	45,00	9
AAS59	4.25	50,00	4
AAS60	10.75	27,00	3
AAS61	9.5	33,00	5
AAS62	22.5	50,00	5
AAS63	8.5	50,00	4
AAS64	13.5	50,00	3
ABS1	19.25	50,00	8
ABS2	9.0	9,00	6
ABS3	22.5	50,00	4
ABS4	14.75	50,00	3
ABS5	21.25	46,00	6
ABS6	12.0	50,00	2
ABS7	2.75	50,00	9
ABS8	23.5	50,00	3
ABS9	24.5	44,00	7
ABS10	17.25	50,00	6
ABS11	0.5	39,00	6
ABS12	1.0	3,00	2
ABS13	10.0	33,00	7
ABS14	9.75	2,00	5
ABS15	8.0	21,00	3
ABS16	5.75	50,00	7
ABS17	15.75	38,00	2
ABS18	23.75	50,00	2
ABS19	6.25	19,00	4
ABS20	10.0	12,00	3
ABS21	23.5	16,00	10
ABS22	4.5	50,00	9
ABS23	8.5	50,00	8
ABS24	3.25	10,00	2
ABS25	23.5	34,00	9
ABS26	11.5	50,00	1
ABS27	1.5	24,00	9
ABS28	16.75	50,00	5
ABS29	11.0	40,00	6
ABS30	25.0	7,00	1
ABS31	14.25	50,00	7
ABS32	18.75	46,00	6
ABS33	8.25	11,00	5
ABS34	1.5	4,00	2
ABS35	21.75	39,00	2
ABS36	19.25	2,00	5
ABS37	14.25	50,00	8
ABS38	13.5	14,00	8
ABS39	11.25	43,00	5
ABS40	8.5	25,00	4
ABS41	12.25	29,00	4
ABS42	8.25	50,00	3
ABS43	5.75	50,00	8
ABS44	24.25	50,00	3
ABS45	16.25	22,00	4
ABS46	6.75	50,00	8
ABS47	24.25	27,00	9
ABS48	7.5	20,00	9
ABS49	4.0	2,00	2
ABS50	6.75	37,00	7
ABS51	1.0	34,00	4
ABS52	11.25	49,00	9
ABS53	7.0	22,00	10
ABS54	22.75	39,00	1
ABS55	8.0	50,00	9
ABS56	13.25	50,00	5
ABS57	9.75	50,00	4
ABS58	19.5	21,00	3
ABS59	5.5	33,00	7
ABS60	0.5	42,00	9
ABS61	25.0	50,00	1
ABS62	17.5	50,00	5
ABS63	18.5	34,00	3
ABS64	9.5	50,00	8
ACS1	12.0	3,00	6
ACS2	6.0	12,00	5
ACS3	4.25	50,00	4
ACS4	14.75	13,00	5
ACS5	11.75	16,00	4
ACS6	18.75	18,00	6
ACS7	15.75	19,00	4
ACS8	0.75	50,00	10
ACS9	12.25	6,00	7
ACS10	22.25	20,00	6
ACS11	5.25	26,00	6
ACS12	24.75	50,00	6
ACS13	8.5	45,00	9
ACS14	10.0	2,00	4
ACS15	12.5	50,00	7
ACS16	23.5	14,00	9
ACS17	8.0	50,00	5
ACS18	23.0	41,00	7
ACS19	17.5	21,00	4
ACS20	9.25	50,00	2
ACS21	15.5	34,00	3
ACS22	14.75	50,00	4
ACS23	8.75	17,00	8
ACS24	13.5	26,00	7
ACS25	15.75	50,00	5
ACS26	11.25	46,00	2
ACS27	11.5	50,00	3
ACS28	4.0	50,00	1
ACS29	3.75	8,00	7
ACS30	14.75	1,00	7
ACS31	13.75	50,00	2
ACS32	15.25	50,00	9
ACS33	25.0	50,00	8
ACS34	21.0	3,00	2
ACS35	19.75	5,00	8
ACS36	3.0	37,00	2
ACS37	21.0	50,00	8
ACS38	12.5	50,00	2
ACS39	6.5	5,00	9
ACS40	20.75	50,00	6
ACS41	7.75	2,00	8
ACS42	23.0	42,00	7
ACS43	7.25	50,00	9
ACS44	9.5	50,00	1
ACS45	7.0	50,00	1
ACS46	12.25	42,00	5
ACS47	0.25	50,00	4
ACS48	9.75	50,00	2
ACS49	3.0	50,00	9
ACS50	3.75	50,00	3
ACS51	1.0	42,00	10
ACS52	4.75	50,00	10
ACS53	7.5	33,00	9
ACS54	16.25	32,00	3
ACS55	0.5	50,00	5
ACS56	20.75	45,00	3
ACS57	12.75	50,00	8
ACS58	21.75	2,00	9
ACS59	1.75	17,00	3
ACS60	22.25	12,00	6
ACS61	10.0	50,00	4
ACS62	22.5	44,00	5
ACS63	5.25	50,00	8
ACS64	8.5	50,00	3
ADS1	17.25	17,00	1
ADS2	21.75	50,00	9
ADS3	0.5	6,00	4
ADS4	7.0	17,00	9
ADS5	0.5	50,00	9
ADS6	9.75	8,00	8
ADS7	6.0	50,00	2
ADS8	7.75	19,00	10
ADS9	8.0	50,00	9
ADS10	8.5	50,00	1
ADS11	13.75	50,00	6
ADS12	10.75	50,00	5
ADS13	11.5	21,00	6
ADS14	5.5	50,00	6
ADS15	20.75	11,00	2
ADS16	19.75	50,00	7
ADS17	13.0	19,00	9
ADS18	17.5	50,00	4
ADS19	20.25	37,00	8
ADS20	16.0	35,00	9
ADS21	10.5	50,00	5
ADS22	13.25	33,00	4
ADS23	4.0	19,00	2
ADS24	0.25	10,00	7
ADS25	17.25	50,00	2
ADS26	17.25	50,00	4
ADS27	1.0	13,00	9
ADS28	23.75	50,00	1
ADS29	20.5	50,00	2
ADS30	5.75	50,00	4
ADS31	9.75	28,00	5
ADS32	13.5	8,00	10
ADS33	20.5	44,00	4
ADS34	5.0	50,00	8
ADS35	6.0	8,00	9
ADS36	15.5	50,00	9
ADS37	7.0	7,00	8
ADS38	24.75	50,00	9
ADS39	6.75	26,00	1
ADS40	7.25	50,00	6
ADS41	24.75	50,00	7
ADS42	7.25	36,00	7
ADS43	4.25	10,00	1
ADS44	9.0	41,00	4
ADS45	9.5	50,00	4
ADS46	3.25	50,00	5
ADS47	13.0	50,00	7
ADS48	15.0	50,00	7
ADS49	0.75	30,00	4
ADS50	13.5	50,00	9
ADS51	11.25	2,00	7
ADS52	4.0	48,00	9
ADS53	15.0	50,00	2
ADS54	16.75	33,00	3
ADS55	13.25	50,00	1
ADS56	5.75	10,00	3
ADS57	18.25	50,00	1
ADS58	19.0	50,00	7
ADS59	9.75	50,00	2
ADS60	2.5	50,00	6
ADS61	11.75	50,00	1
ADS62	13.75	50,00	2
ADS63	10.75	50,00	6
ADS64	21.75	50,00	6
AES1	21.5	50,00	4
AES2	12.5	23,00	2
AES3	20.5	50,00	2
AES4	14.25	50,00	10
AES5	16.75	50,00	8
AES6	21.25	50,00	6
AES7	15.25	25,00	6
AES8	10.5	0,00	4
AES9	2.0	50,00	6
AES10	2.5	49,00	7
AES11	24.5	50,00	1
AES12	14.75	9,00	5
AES13	15.75	50,00	5
AES14	16.75	50,00	4
AES15	6.75	9,00	6
AES16	9.25	36,00	2
AES17	14.25	29,00	5
AES18	2.75	50,00	9
AES19	8.0	41,00	2
AES20	6.25	2,00	4
AES21	3.5	50,00	5
AES22	15.25	10,00	8
AES23	16.0	50,00	9
AES24	23.25	6,00	5
AES25	13.25	50,00	9
AES26	6.75	50,00	4
AES27	22.75	22,00	2
AES28	12.75	50,00	4
AES29	3.75	6,00	8
AES30	9.25	50,00	4
AES31	18.75	50,00	9
AES32	12.75	18,00	1
AES33	10.5	6,00	10
AES34	13.5	50,00	6
AES35	9.75	50,00	5
AES36	19.75	50,00	10
AES37	8.75	48,00	4
AES38	21.25	50,00	9
AES39	1.5	50,00	9
AES40	4.0	14,00	8
AES41	7.25	50,00	5
AES42	17.75	39,00	2
AES43	4.25	50,00	4
AES44	3.0	50,00	9
AES45	16.25	50,00	6
AES46	13.75	31,00	10
AES47	11.25	50,00	6
AES48	18.5	50,00	8
AES49	12.5	50,00	9
AES50	16.0	50,00	3
AES51	25.0	50,00	8
AES52	22.75	20,00	2
AES53	11.25	50,00	3
AES54	10.0	39,00	2
AES55	23.5	50,00	3
AES56	22.25	50,00	6
AES57	24.25	50,00	3
AES58	6.5	18,00	7
AES59	0.0	0,00	4
AES60	6.25	50,00	4
AES61	6.0	50,00	9
AES62	7.0	50,00	8
AES63	14.5	50,00	6
AES64	8.25	50,00	7
AFS1	12.5	50,00	4
AFS2	17.0	50,00	6
AFS3	8.5	50,00	10
AFS4	20.0	50,00	9
AFS5	1.25	50,00	9
AFS6	16.5	50,00	6
AFS7	7.75	13,00	5
AFS8	24.5	50,00	3
AFS9	23.0	28,00	9
AFS10	3.5	50,00	3
AFS11	11.25	50,00	6
AFS12	8.25	50,00	5
AFS13	20.75	50,00	4
AFS14	9.25	50,00	2
AFS15	9.75	50,00	4
AFS16	15.75	50,00	8
AFS17	0.75	50,00	9
AFS18	20.0	23,00	10
AFS19	20.75	49,00	4
AFS20	10.0	43,00	9
AFS21	14.0	28,00	3
AFS22	7.75	18,00	9
AFS23	4.0	50,00	5
AFS24	13.75	33,00	6
AFS25	20.0	27,00	6
AFS26	6.0	50,00	1
AFS27	23.75	50,00	6
AFS28	4.25	50,00	9
AFS29	23.75	50,00	2
AFS30	15.25	50,00	10
AFS31	23.5	37,00	3
AFS32	5.5	0,00	8
AFS33	22.75	50,00	8
AFS34	15.25	50,00	4
AFS35	12.75	46,00	6
AFS36	23.0	50,00	5
AFS37	22.0	50,00	7
AFS38	14.75	50,00	8
AFS39	8.5	50,00	9
AFS40	17.75	50,00	9
AFS41	23.5	50,00	8
AFS42	10.25	50,00	1
AFS43	5.75	42,00	5
AFS44	20.75	50,00	8
AFS45	19.75	17,00	3
AFS46	11.25	44,00	1
AFS47	13.75	50,00	7
AFS48	19.0	50,00	8
AFS49	20.0	50,00	4
AFS50	13.75	16,00	9
AFS51	22.0	50,00	9
AFS52	8.75	50,00	8
AFS53	1.5	50,00	6
AFS54	16.75	50,00	3
AFS55	0.25	8,00	1
AFS56	14.75	50,00	2
AFS57	20.25	10,00	8
AFS58	4.75	19,00	7
AFS59	5.75	21,00	8
AFS60	0.0	0,00	2
AFS61	18.0	43,00	10
AFS62	10.5	23,00	9
AFS63	18.5	24,00	3
AFS64	17.0	50,00	3
AGS1	0.25	5,00	2
AGS2	9.0	50,00	6
AGS3	4.5	31,00	3
AGS4	8.75	50,00	4
AGS5	5.0	50,00	2
AGS6	14.0	47,00	7
AGS7	6.25	50,00	7
AGS8	6.25	50,00	2
AGS9	7.75	50,00	3
AGS10	12.75	34,00	8
AGS11	6.25	50,00	5
AGS12	18.75	26,00	8
AGS13	24.5	50,00	10
AGS14	23.25	50,00	5
AGS15	18.25	1,00	7
AGS16	10.25	21,00	9
AGS17	15.75	50,00	2
AGS18	7.75	50,00	4
AGS19	25.0	3,00	9
AGS20	23.5	36,00	3
AGS21	5.5	8,00	7
AGS22	2.0	36,00	2
AGS23	0.0	0,00	3
AGS24	16.75	50,00	2
AGS25	5.5	50,00	5
AGS26	18.0	50,00	8
AGS27	6.25	33,00	9
AGS28	15.75	46,00	3
AGS29	23.25	37,00	7
AGS30	19.0	50,00	1
AGS31	8.5	50,00	7
AGS32	17.75	50,00	5
AGS33	17.25	50,00	8
AGS34	14.5	50,00	5
AGS35	8.5	50,00	8
AGS36	15.75	50,00	6
AGS37	25.0	0,00	2
AGS38	11.0	41,00	2
AGS39	6.25	50,00	3
AGS40	14.0	2,00	10
AGS41	11.0	50,00	5
AGS42	18.75	19,00	8
AGS43	8.0	50,00	5
AGS44	3.75	17,00	8
AGS45	10.5	50,00	1
AGS46	2.0	50,00	6
AGS47	17.75	50,00	9
AGS48	8.5	50,00	2
AGS49	18.5	50,00	4
AGS50	8.25	50,00	9
AGS51	3.25	38,00	8
AGS52	10.75	30,00	6
AGS53	8.5	50,00	3
AGS54	20.5	50,00	4
AGS55	15.0	50,00	3
AGS56	12.5	10,00	9
AGS57	8.75	50,00	3
AGS58	12.25	50,00	5
AGS59	6.0	50,00	2
AGS60	18.0	47,00	2
AGS61	19.25	5,00	1
AGS62	1.75	6,00	7
AGS63	4.5	33,00	5
AGS64	23.25	30,00	2
